-76.2262
-3.88147
-6.68658
-23.532
-7.51027
-9.6059
-18.5335
-7.19604
-20.5635
-0.134663
-34.3222
5.30546
9.14154
-15.1407
2.39747
-1.66461
-0.0797837
-14.1984
1.15556
4.2202
3.92888
8.1428
-2.53315
-4.95496
-12.131
1.61133
-10.4967
-10.9402
18.7002
1.14486
-7.57479
-29.9399
16.5665
-8.65961
-3.09344
9.31842
14.1854
-10.8459
11.2473
-0.922048
-15.5669
-24.8391
-8.83935
4.31276
-14.3059
-21.4886
-19.7074
10.5317
1.34327
1.81328
6.5231
-0.7304
-9.79907
8.92667
-17.0615
5.94681
0.103781
12.5725
-5.30448
0.96186
-4.86709
-6.75639
1.07177
-11.9993
-14.0868
-23.7299
7.94331
5.54399
0.985531
-7.72557
-33.2125
-14.0723
-7.74203
-14.1059
3.9495
11.519
-5.446
-5.49608
-9.85212
-0.00218418
3.90121
-14.2045
-10.5388
7.5075
-2.82463
-10.1543
-17.0147
-20.7118
3.28678
-9.29998
-24.0937
0.139543
-3.52759
6.84736
-6.45004
0.620623
-23.564
-31.829
-1.06312
-22.7233
2.66753
-11.4098
8.77335
-34.9049
6.80555
-17.3229
-21.5621
-5.85893
-19.1025
-9.44222
-10.757
-2.26622
6.12937
-19.1886
0.0391377
-4.7438
-12.6113
-9.93742
-32.0592
-3.8515
-8.30145
-29.3689
-12.3871
-0.385871
9.04637
-2.48145
-39.9157
-5.55619
-8.10899
3.39636
-12.7123
-22.134
-10.0412
-15.8404
-9.26855
8.74837
-3.61372
3.51745
-11.1622
2.39727
-1.58047
-5.77927
-17.7598
-3.45799
4.57592
5.11623
10.1643
-7.01175
-6.01391
-5.68662
-8.64888
-19.7602
12.0632
-3.01339
5.5105
-10.6136
-5.11737
-4.32454
8.72288
-6.17077
-36.6447
7.45892
-25.147
9.5912
-43.2327
4.88659
-16.7779
-9.25275
2.60438
-6.4966
-8.74634
9.02234
13.5942
4.01392
-9.81189
0.835867
-1.43308
-3.82135
-30.7006
-20.4998
-11.7904
12.8328
-10.8104
-17.002
26.6586
0.580611
-4.1493
-19.5297
-13.6821
-9.38031
-4.8893
-1.09595
-18.7474
-6.75685
-7.60985
1.97267
-7.17173
-13.5443
-6.54172
-18.8333
4.7658
-2.68806
-9.95511
2.77841
-6.09526
-1.6252
-20.2875
7.56853
-17.3369
-18.3401
-7.38012
-1.10479
6.39796
-1.42514
-13.2767
15.7
-4.39764
-16.6392
2.63973
-30.0805
-19.2362
-9.85081
-7.51094
-9.97919
-1.13874
-33.7343
1.18666
10.0352
11.3824
12.0072
10.3564
2.82932
-14.7143
1.87016
-18.6231
1.11164
5.74381
-16.6557
-5.21964
-6.00123
-8.51561
11.6588
-11.4544
-15.1276
6.35226
1.45694
-3.41054
-4.06675
3.81062
19.6334
-17.9755
-5.22141
8.89461
-2.97701
-12.0339
-6.2578
-6.72876
-35.2173
-0.922308
0.0710187
-13.0154
-1.67146
-3.4433
-31.4441
-7.71773
-7.36288
-1.04731
-9.04152
-23.3667
13.6009
-0.845366
5.75833
16.565
-4.03256
0.624563
4.17174
6.90136
-6.08652
-8.91057
-7.82056
0.313133
7.39644
-2.14353
-13.1688
3.45762
-6.3098
-1.05807
-12.3722
-14.8926
7.86899
3.15198
15.509
-1.71297
8.33328
-2.90197
-3.21025
8.65708
11.3489
13.019
3.69368
-10.2462
18.539
-6.06265
-0.118047
-6.20331
0.145159
-2.51763
8.1612
2.86773
-1.42431
-14.2871
11.5021
2.04537
-21.2571
3.65412
3.72109
-22.9638
13.2742
-0.339856
17.1912
-3.93705
11.3652
-3.33262
-8.1022
-0.575952
5.13198
-5.12117
7.78924
-15.534
-25.4737
3.17279
-8.26115
14.4955
-9.31592
14.0702
1.16372
-23.8392
10.4507
-9.02261
-0.86159
2.76786
6.18368
3.66024
3.1087
5.87819
0.75507
-4.70619
-5.38741
-2.82691
5.41255
-2.10686
5.93754
5.46478
2.81464
8.21388
-0.784541
-4.19567
-7.23695
13.649
-3.14983
5.6035
-3.16199
-0.105669
13.5394
17.0549
7.15695
1.20233
-24.2877
-4.98342
-0.966406
-1.28311
1.98385
-2.332
2.55196
11.3277
-5.95459
-6.44919
7.95445
1.92747
-18.0307
4.90516
-2.02962
-9.16001
-13.63
-8.52853
9.26289
-4.39437
-2.38619
-4.08912
-0.578156
10.5891
13.9239
7.40391
-2.6695
19.9483
-5.8312
18.8785
-27.3822
0.98329
10.5373
-4.35333
12.6159
-8.06121
13.6173
-6.91688
-0.273471
-9.51473
11.0852
-4.98993
4.69359
5.31651
8.46444
5.68497
-14.5748
4.64496
10.4858
-14.93
-0.229277
-5.01779
3.70665
8.90269
2.04744
-2.04063
-33.1225
1.77165
-2.30494
15.7008
17.4039
8.06826
5.13253
1.40825
4.25336
-16.2318
17.7912
14.8403
10.5954
13.0067
-4.39618
6.44725
15.6156
-2.42378
5.54457
-5.56518
-22.9592
-13.4321
-0.90131
-1.87241
-1.85079
8.36644
5.49745
-7.50807
0.0658278
-3.89186
15.0793
-14.1001
-5.10915
6.43153
-21.6204
-9.12777
-1.44341
5.83037
9.0877
4.30749
14.4326
-0.588437
7.84288
-27.1801
-14.7397
-16.6715
-6.4138
5.0973
-11.2436
-1.72044
-8.43874
-7.91908
-7.13624
9.72055
-1.9606
0.0406327
-6.50225
-1.49372
4.79411
-16.1727
-11.3965
-2.68339
0.30963
-13.208
-1.79007
-18.6745
-3.91388
3.05256
-13.0033
-8.67286
24.8997
3.83252
6.1184
-7.11299
-14.0856
4.81191
9.79527
-8.81451
-21.6554
-1.86714
13.1547
5.68369
-6.98463
-0.776351
2.19155
-10.4527
-12.532
12.1226
-11.4586
-17.5227
11.1134
8.215
15.5288
-8.58448
12.4493
0.0675681
6.30363
3.21088
2.95691
6.98543
6.34881
-2.67702
1.4861
14.1333
-19.1601
1.25108
-15.1325
-2.27122
11.9841
-12.7312
-20.6492
-0.759543
13.5165
16.194
11.0364
10.3814
24.0362
10.767
-4.64982
7.36244
2.05298
10.5039
11.5182
-0.644982
12.7978
3.94331
9.22918
22.9704
14.4173
-15.8665
17.0824
11.325
16.2053
4.50517
12.1927
-1.28012
12.8491
7.85715
9.17669
2.33437
11.2909
7.41652
5.32437
5.76743
8.00872
20.7209
17.8456
16.1125
7.83358
5.04338
9.90165
9.6248
12.5153
10.7933
-6.78725
2.20224
21.9164
16.7234
6.72082
16.4065
14.1559
19.0158
28.7908
18.6222
7.42604
9.94008
22.4965
17.4697
11.2605
1.91966
29.1528
3.96651
29.9045
12.8334
-3.05118
14.181
17.2467
5.2285
-21.6878
5.07533
6.32031
40.8982
30.3402
16.4058
14.2437
-8.42624
21.5501
5.44079
4.80207
-6.12647
9.85482
24.98
8.42346
10.504
4.42562
5.24036
11.4016
20.012
1.35215
17.275
2.44923
15.9505
14.1132
11.9389
13.3441
9.57999
20.2578
-1.92601
16.2278
10.3628
9.36215
-13.7574
13.4064
25.6476
27.6219
-8.6637
17.6605
-2.97312
8.68965
12.9448
9.83451
7.8262
1.82492
6.25328
14.7405
-4.79031
30.5672
0.281168
20.4026
4.84375
9.05973
-7.30063
4.47452
16.0066
15.7262
23.9087
17.951
2.15354
7.48065
-5.38113
-12.2075
-0.656051
24.7947
7.37859
19.9543
6.52992
-0.512648
26.8004
-18.3132
-3.27927
-1.26205
3.92153
18.1027
35.2568
-4.07489
12.8981
-0.225625
18.4113
19.6594
3.35914
15.6022
0.887525
14.0014
-8.75342
8.0347
-15.4789
9.62171
8.50252
2.36465
24.405
9.80922
17.04
9.65974
10.7088
15.6231
9.47423
23.6784
16.1552
-5.7233
0.585783
12.3065
16.0399
25.1817
1.65061
2.86914
5.56975
9.9442
24.0094
7.04972
-2.42602
3.48209
9.12386
23.0512
26.3878
4.40454
13.715
7.77205
4.99633
20.3596
5.18917
0.523817
15.8662
16.4422
13.2616
6.55358
-0.499202
-18.71
3.09223
3.93669
11.425
25.8527
24.9338
-13.861
9.97011
-4.01695
7.5563
4.46979
8.96452
5.32839
-2.82018
12.7696
0.777733
2.38926
3.89335
23.3534
12.4968
17.1074
12.8641
13.3845
-8.67011
1.77468
20.7809
19.4464
23.7294
29.6666
1.31537
17.2803
-3.40663
2.46566
-2.72174
14.4603
10.141
11.6571
-2.2614
5.40031
13.982
9.01098
8.69609
23.2447
22.2578
8.16188
13.9323
9.40013
13.8107
12.3203
13.5744
12.7825
5.17876
8.86085
19.9242
27.4385
3.46877
7.67915
11.6735
6.32632
16.1183
2.92828
12.4886
0.389294
25.9073
1.773
14.5293
6.51446
-8.71013
1.92839
10.1912
24.2963
-41.7509
1.62064
-6.91321
-15.1023
-4.91234
-5.05408
-13.1
-12.6914
-13.9538
-0.151736
-34.0291
-3.62598
5.34167
-15.4921
11.3872
4.997
-8.67207
-25.3466
3.80194
-0.353943
3.66447
9.91397
-2.2722
-5.322
-11.4458
-2.97437
-10.8025
0.115105
17.8893
-2.12361
-0.10698
-23.1006
6.78995
-2.84507
-3.91474
4.91008
8.79049
-13.0411
10.4903
-2.09106
-23.6574
-19.1588
-10.3118
2.81117
-14.4745
-9.05317
-22.0218
7.13283
-1.47216
2.76408
7.19347
-8.09638
-7.9492
10.8613
-10.7263
7.0458
0.272502
2.32994
-7.6853
2.04816
-5.04214
-10.0575
4.14683
-15.4636
-14.0437
-21.632
10.148
4.75323
0.69953
-1.45806
-21.1773
-6.78108
3.50856
-12.0892
11.5883
9.76652
-4.94666
-4.40966
-4.42481
-2.5808
2.72572
-8.86462
-16.7036
11.0986
-5.80334
-12.5831
-11.3908
-9.75273
3.66226
-12.6596
-23.1591
-5.74979
-6.58128
7.53254
-4.53964
8.92967
-17.8828
-13.1666
-9.3833
-25.2172
2.42878
-14.3641
7.57301
-37.7374
11.1303
-11.5082
-23.7717
-9.45891
-13.8639
-5.88453
-16.1043
0.117315
5.46707
-7.31159
-0.222887
-3.67404
-9.38331
-12.663
-24.3667
0.328377
-1.54342
-28.6748
-15.8738
7.82049
5.08428
-6.24445
-25.9126
-13.055
-1.97287
7.04145
-5.11199
-15.1957
-19.2341
-16.5681
-9.15324
8.79277
-1.11969
9.29236
-6.44028
1.47608
3.24979
-4.31956
-10.7414
-5.36491
4.87133
4.43282
-2.43685
-3.89736
-10.5694
-1.36426
-7.57627
-5.86841
3.74282
-12.2183
4.74776
-11.2188
-8.50835
-2.24123
7.38497
4.10014
-17.802
6.65385
-16.9774
5.01222
-34.8418
4.85103
-16.316
-5.57767
-3.87631
-11.1591
-10.5628
16.5335
6.47006
2.42457
-10.8994
-3.22567
-4.81801
1.70175
-20.6366
-20.7537
-16.804
12.1855
-9.64009
-11.7324
15.5039
4.8766
-7.78304
-23.1962
-10.807
-13.7647
0.208211
-2.20957
-19.2812
4.32625
-1.44457
-0.721994
0.831316
-11.9344
-1.71274
-19.1482
1.6573
0.67943
-6.78578
5.13825
-4.49822
7.17329
-9.59549
1.42665
-17.8618
-15.9799
-9.10895
-7.60708
7.23024
-4.27213
-11.6417
8.06466
-7.87727
-17.377
8.0829
-25.8903
-19.2331
-10.9034
-9.39747
-8.99327
-6.79643
-26.9495
-1.70555
3.94068
-0.768324
6.75671
0.978329
2.70859
-13.3658
3.55707
-3.08911
1.7613
9.34412
-13.13
-11.4813
-4.26751
-14.9182
17.2899
-8.8811
-17.2997
7.99452
4.70441
-4.8368
-3.98143
1.94094
15.8079
-14.0009
2.59465
12.2557
-0.159391
-14.0828
-8.56017
-10.7281
-34.4486
-1.69339
-5.44382
-16.7389
-4.16761
-4.59385
-35.6255
-12.1189
-3.57244
4.71612
-15.8797
-18.5585
14.0664
0.679393
7.41661
17.0145
-4.85869
2.96916
5.55398
7.783
-8.37621
-3.25811
-5.19496
0.314174
12.4097
-3.14472
-16.0927
6.23133
-5.59625
-2.28994
-10.8472
-15.4155
9.05139
-2.14617
11.8261
0.797585
8.99719
-7.23424
-5.70261
1.16354
12.7707
14.2451
4.4239
-9.15564
18.4418
-4.81618
-0.266801
-7.9248
1.24702
-2.3297
11.7388
3.78944
-8.90198
-15.1181
3.46252
3.1549
-25.3106
0.906976
1.87606
-37.1612
12.6538
-0.251794
17.1552
-3.25916
10.4922
-0.928112
-6.68275
-3.79834
3.4359
-8.99694
1.5168
-23.4873
-22.844
5.16881
-10.8662
20.2516
-4.46439
12.8798
2.50101
-27.3546
8.10426
-3.89965
0.74845
6.23907
5.88376
6.74471
6.7099
9.1004
3.53361
-6.29921
-5.16609
-5.47747
5.76139
-1.81939
-4.81614
5.0687
7.86007
8.95627
4.56309
-5.70809
-3.49905
-4.85551
-8.66592
1.60097
1.14858
-10.0188
11.9214
13.7848
2.55298
1.62991
-20.5336
-1.68326
-3.37073
-2.9943
7.88964
-4.7649
3.26836
9.1668
-9.19088
-7.99673
1.78328
5.88334
-7.07113
-0.346451
-6.21029
-1.84431
-19.5591
-10.5818
1.24875
2.13614
-1.16567
-2.88056
-2.87517
10.5035
8.39823
10.7316
-4.03691
19.6703
-7.61683
15.9285
-23.9815
-5.79027
14.1086
1.0025
12.7314
-4.80965
12.3566
-1.912
3.93747
-7.83746
12.3694
1.85031
5.64175
4.78599
8.50477
2.04946
-11.0619
-0.571413
2.91899
-14.0692
-0.145304
-3.1372
5.97971
8.49379
4.66297
-5.88833
-34.4062
-3.43058
-5.18479
10.4523
13.8811
1.95971
5.15341
3.07419
6.16215
-21.1408
9.95591
8.43286
11.9861
11.5229
0.286435
4.35153
13.803
2.36435
-0.441177
-9.12
-22.2301
-8.17832
-4.97589
0.643859
-2.11863
1.77231
-5.3455
-12.0102
8.50628
-8.23563
8.50973
-5.22375
-5.50847
7.85255
-18.6032
-10.9644
1.76891
2.27816
16.077
8.27754
13.8608
-1.69269
3.71954
-20.9118
-18.4621
-20.2792
-9.32681
2.72147
-8.83803
-12.3427
-6.77708
-9.50542
-6.14959
9.61437
-3.86036
-1.34496
-6.73664
-0.452543
4.87593
-21.4037
-12.9328
-2.12102
-3.59762
-8.29692
-3.08404
-16.3827
0.7111
0.493321
-13.9366
-11.1939
22.7071
1.82444
-1.08763
-11.7874
-16.3392
-0.123333
0.552748
-7.2333
-19.858
3.04636
10.4603
5.72167
-6.84177
-0.933442
2.68829
-3.57489
-10.5045
14.2468
-6.36494
-12.1122
15.0246
3.86215
9.52821
-3.17021
10.5916
3.30956
7.37508
4.78043
3.58085
4.91922
2.13722
2.94144
4.39403
19.795
-25.2373
1.45404
-13.3687
-0.568955
11.0346
-18.1896
-20.5434
-9.44669
10.2751
18.3774
12.024
11.1427
23.1312
11.9208
-4.87904
10.8125
1.12415
9.0561
2.91952
-0.422011
14.0798
7.96311
6.42706
25.2542
14.2458
-12.0954
18.8561
10.9063
14.8552
9.79265
8.34861
1.31198
16.7658
7.49428
8.76042
-0.330797
14.1842
4.20886
1.90063
4.26298
8.9402
21.6814
16.3638
20.5779
15.4043
8.4867
12.7961
7.88321
16.5168
15.9437
-5.34568
3.96462
17.731
16.5224
8.03129
17.2197
11.0018
14.0562
27.0057
15.3565
4.59576
6.47193
26.5538
14.0247
13.562
1.5314
28.9844
1.99894
31.1611
11.8856
4.99286
15.3897
15.673
5.26814
-16.9346
8.16652
4.97801
42.0996
28.2327
15.4788
10.8954
-4.99662
21.4038
4.00724
9.40897
-3.48367
19.6039
23.9376
4.72565
16.36
7.26176
5.43927
13.7362
14.5873
-4.34516
14.4423
7.47525
15.8968
9.50506
15.32
14.9155
12.026
25.2654
-1.86166
18.0275
13.0666
17.198
-13.2714
11.9472
22.6063
30.3095
-10.3687
19.933
-2.13825
7.81521
15.5274
17.1807
7.78287
0.707318
5.79548
15.3398
-3.70132
28.3199
5.96911
21.1259
8.47303
7.19186
-13.4016
5.62506
17.0204
15.6688
24.9303
17.162
1.69116
7.75485
-3.32585
-20.3395
5.30302
21.0722
3.23103
17.8017
8.40233
-0.557978
24.646
-15.6298
1.98121
-0.735079
5.91868
16.2441
33.3564
-8.26428
16.1064
-1.67595
19.4271
19.1364
2.68906
13.2157
-1.39972
15.1193
-13.9595
14.3755
-15.0381
6.82143
8.37994
6.3789
18.0636
6.78965
18.5438
14.7588
14.5811
15.8979
10.8754
23.4278
17.9343
-1.6301
3.07845
14.9631
18.928
20.0349
5.10944
1.53408
4.19127
6.88891
23.2959
5.58616
-1.29211
11.0656
16.5511
30.5687
22.02
7.4448
13.885
10.7519
9.6591
21.6103
10.0258
1.94356
13.1027
11.3888
20.4035
9.49807
-2.74491
-17.7561
7.23734
6.86013
9.38575
23.9162
22.291
-15.0406
5.35348
-1.3266
10.7666
1.46273
2.95865
6.6427
-2.63897
8.09572
0.720952
2.2831
-0.126793
29.7475
19.4117
21.313
7.89589
14.9368
-10.7648
1.7222
25.5002
15.9805
25.6551
30.4244
5.35432
19.7655
-8.60256
1.92772
-1.25924
10.9383
7.0808
14.2451
-3.00831
13.8606
15.2988
7.09628
4.29309
26.6741
20.0386
11.7868
5.66174
15.2667
13.5885
14.4653
8.97316
14.4793
5.47817
10.2275
23.6648
29.2483
4.43716
2.94968
9.66382
3.11988
16.4557
7.12372
17.1696
5.21945
19.0104
0.327204
11.1393
10.5259
-6.6974
6.4013
6.80098
27.6457
-61.936
-1.07362
-6.31296
-13.8189
-8.43194
2.32166
-3.93337
-11.3146
-16.4924
5.99431
-20.4498
5.5605
-0.678204
-12.55
8.65826
0.86746
-7.37417
-3.95936
7.5677
-11.1456
3.0262
0.53666
4.49594
-4.69622
4.18551
0.293055
-4.12043
-18.2255
17.1863
-0.625587
0.779787
-39.964
17.2634
-12.9374
4.32019
4.50563
9.93086
-6.51316
14.565
-2.54594
-12.587
-10.6357
-20.9032
8.19746
-9.15465
-17.3535
-28.0086
2.53065
12.3061
0.303407
13.8063
5.38769
-5.70192
10.8444
-15.0371
6.21049
0.52858
9.42769
14.1554
-1.02986
-22.4876
4.12547
2.61573
-12.6538
-15.351
-26.735
7.53409
14.7579
-11.3495
-12.7704
-17.1228
0.465752
-7.23236
-3.38913
6.49896
6.691
-20.0753
-7.7378
-8.70515
-4.83987
7.33884
-8.77666
-19.692
2.40905
6.01667
-12.033
-8.32922
-16.2716
14.7427
-18.9034
-27.938
-1.34166
-6.83813
10.509
7.45825
-0.893036
-14.3477
-15.7652
16.9149
-6.63863
-3.23325
-20.3551
-0.554966
-44.2517
14.4914
-26.5146
-9.46352
2.87768
-9.11361
-10.5947
-18.3741
-12.058
-7.53064
-25.0905
4.27522
12.0671
0.447956
5.30278
-13.1186
-15.7959
-6.81405
-32.7146
-11.2943
-0.922637
-3.82146
-1.14499
-12.8157
1.62147
-5.45658
8.22518
0.536159
-7.55258
-3.80839
-18.8528
-5.32195
7.97768
1.65796
-1.35563
-16.9959
7.13594
-12.1913
-18.5257
-0.13089
-4.5095
3.31763
9.20222
10.9928
-1.59093
12.8532
2.41448
-20.9311
-15.2734
17.5023
5.26002
10.2516
-2.581
-8.2684
-11.5531
9.51346
-18.6488
0.122471
16.2074
-25.2626
-10.9246
-35.1298
-3.27901
-9.7188
-10.0549
-9.71617
-4.01028
1.6494
8.88772
17.6084
15.0235
-0.409874
4.75211
13.4468
-0.178631
-11.8859
-2.42697
-7.58922
-9.18025
8.18506
-18.8117
14.0274
2.06647
-4.93198
-6.9164
5.02247
-12.5088
-8.87294
-21.6774
-13.365
-23.7012
-11.9714
-4.49372
-6.75248
4.42112
3.14978
-21.123
-0.13835
-21.8098
-7.01506
1.04664
-2.86153
6.54656
-23.3896
7.05315
10.4655
-10.2084
8.59208
0.463243
24.0047
-6.12498
-2.21131
10.2747
4.5581
-16.9947
-4.41795
-22.595
-15.6359
21.1031
6.82526
-19.9437
-0.125573
-20.4075
-3.94446
17.5869
2.30408
24.4493
14.467
9.10211
-12.0883
-8.8489
-12.8704
1.74753
-4.69982
-3.6587
-1.96275
1.82667
7.92248
4.85883
-20.5876
-18.6209
14.6741
0.578119
4.24045
8.25637
7.59513
10.9004
-19.6545
7.00903
5.5473
-2.58595
-14.3538
-4.36691
-4.58635
-15.5747
1.42782
11.3459
-7.32177
5.17891
-2.42896
-17.9095
-3.32594
-4.5904
2.15111
-0.163584
-32.525
10.3883
9.98403
-0.69509
13.2732
-6.17936
-7.88335
10.9402
3.97587
4.24727
-7.36534
-15.3761
13.0554
5.84799
-7.7665
-4.07513
2.40535
3.86188
-8.79362
-15.0863
5.62327
11.2807
4.79745
8.25099
-1.85636
7.17229
7.03817
-1.52438
9.27437
8.19359
11.4548
1.49025
-7.03918
14.4457
-2.80766
3.38367
-13.9691
4.87552
-0.636138
8.98296
-0.64371
5.22604
-4.66046
6.60221
6.1235
-19.2861
6.80363
7.83302
-18.5454
9.37284
3.31179
15.3538
-2.89095
15.3676
-1.23629
-0.406002
4.20301
15.1654
3.46601
6.78188
-8.1235
-21.2893
-3.68018
8.85965
6.62213
0.63335
13.3514
6.33512
-8.98454
18.1863
-4.93801
8.18287
10.0235
2.05484
10.112
1.38827
6.53711
-4.33095
-6.50352
-3.85612
8.30343
8.58078
6.30156
11.3898
1.18565
3.26203
17.9724
-1.85258
10.6537
-6.40966
17.4834
4.60371
-0.666252
4.83566
2.01141
8.79782
6.80402
5.8484
6.6201
-18.8466
6.35241
-0.0187062
5.92767
7.97228
3.57086
-2.44464
12.8123
-1.00665
-11.5898
17.4605
3.06405
-4.67371
4.80207
8.58765
-8.76895
3.09404
3.215
-2.49729
-0.0502786
13.1712
-8.92273
2.42753
11.8829
10.9921
-1.8241
-1.91052
11.9495
-0.316343
20.6555
-27.2253
3.73452
7.70171
-0.10763
12.2459
0.282635
12.5945
-12.0779
5.09168
-7.92947
4.71436
-3.95923
10.3527
6.289
6.91048
13.0474
-1.54767
5.94243
10.5225
-14.2537
-5.3962
1.05565
-5.0244
9.51914
8.26902
-10.1832
-20.8295
-0.59527
2.94054
8.49759
11.9693
12.3605
12.0972
2.33576
-3.74298
-3.71126
19.8281
13.3399
9.98738
16.9274
8.25858
3.58087
3.00389
-18.1757
8.73488
1.92307
-8.79917
8.51445
3.44703
0.0446186
-2.8412
0.530112
7.9646
-12.159
7.81864
-5.24645
5.68113
-18.6638
7.42933
6.23919
-16.8159
9.77826
-0.0474582
12.9909
10.03
6.29769
14.7181
6.27419
14.8034
-22.6133
-5.33626
-5.29297
3.7587
9.91945
-6.91796
2.70442
-8.14184
4.48186
0.16039
11.0278
8.25511
-5.08706
-11.0628
-1.33371
11.7148
-17.1475
-3.8358
-3.32526
-9.31212
-7.68869
-2.23214
-18.1983
-9.38146
2.47914
-4.88704
3.21089
1.43737
11.9069
8.94868
5.22559
-4.56577
2.3299
19.751
2.15248
-20.125
-1.24212
12.2502
11.8622
-2.48113
1.53124
2.24206
-12.5403
-13.5643
11.7467
-13.0071
-18.5959
18.3093
6.68194
15.4621
-0.662007
10.6556
13.5416
-0.00541776
-3.84689
-1.34057
-0.416134
7.8285
2.79252
5.8338
0.200956
-22.996
-0.459859
-1.6325
6.23344
8.1243
-15.0837
-7.86523
9.0549
12.7062
12.7013
5.84781
4.75007
22.9698
2.3648
4.57781
6.03016
1.02176
11.3419
20.299
3.4929
9.84919
-0.200486
9.2289
23.7849
9.28933
-8.6257
8.84268
12.7254
9.0406
7.1306
11.0263
9.31204
17.7007
6.27807
-2.19988
-1.24876
6.69958
8.68097
8.07935
10.0919
4.50825
7.24619
15.4856
11.617
14.227
-4.1154
11.1905
14.3286
16.0622
8.09736
0.436125
3.18619
20.6559
18.1948
12.0365
18.5547
22.9191
18.0764
22.0597
14.4124
15.5397
6.91995
10.8079
7.29878
6.2545
2.44842
23.7369
6.7052
21.4826
14.1943
3.42847
11.6109
10.751
5.86877
-9.16068
8.47793
7.33974
32.8032
27.5481
6.19075
20.9673
-9.45463
21.4692
-4.02203
5.23372
-10.1432
8.13353
11.9805
0.762434
14.3227
12.1287
7.29728
14.512
19.6385
7.63561
21.216
1.74826
10.9899
14.4026
7.46201
17.5276
18.676
10.9296
-6.30861
15.1683
9.02122
17.5518
-6.42633
13.3748
25.5405
23.3566
2.7977
5.36836
-0.494863
10.4348
16.3341
10.2668
5.51276
2.95765
8.66267
15.161
4.65816
29.6592
9.31145
19.4708
13.902
9.94916
-2.39552
7.38527
9.6214
13.6704
25.6213
16.3364
4.51068
13.4824
6.90235
-12.9772
11.4288
11.7172
1.56542
4.35187
4.7328
-1.12729
15.0611
-3.24642
6.85948
7.50055
4.48001
21.3937
33.008
2.36988
17.706
4.56261
16.6357
18.9651
9.62415
19.8159
-6.26465
16.1901
-5.15962
-0.517573
-9.17492
4.13322
10.8673
5.01633
19.8769
13.1245
6.95307
4.32843
12.5845
13.6988
6.75074
25.5566
5.09162
-2.5578
-1.18461
3.01241
7.6086
23.5726
0.88667
-1.54724
15.9662
7.81717
22.7804
5.59267
1.95073
-1.21141
7.33382
11.2395
27.9783
-7.10161
15.5219
8.91238
-2.83888
7.367
10.2999
3.56681
11.3668
13.8836
6.68424
10.794
0.92851
-13.3274
11.6612
-2.84914
14.5834
8.18929
25.5635
-8.99035
7.15281
-7.19159
8.5045
5.44553
12.9424
8.63549
8.53421
15.4883
-2.37654
7.71775
5.64081
22.2256
20.8688
13.5572
12.8779
9.71665
-5.99926
1.69742
17.2771
21.3451
18.5532
19.3878
3.11728
5.22353
2.09343
-0.309961
0.13166
6.50253
1.49454
-4.60288
1.8246
12.4369
1.97518
13.6979
10.1216
18.08
20.7596
9.25158
10.6532
12.5814
6.24983
13.5026
13.1996
14.8262
9.18499
6.58775
17.725
25.7444
14.6494
13.6903
14.1631
16.9299
24.6175
4.11352
5.41486
0.55442
15.9649
2.67645
1.57812
0.8352
2.73837
5.26414
11.7153
14.133
-53.7301
1.8419
-10.3754
-11.8203
2.04058
3.14275
-5.14754
-20.967
-14.3678
7.3547
-19.6886
-2.53512
-9.58238
-10.8392
16.8813
7.61529
-12.9182
-13.2972
12.3677
-13.0512
1.29463
0.108268
2.84811
-2.83254
-2.96238
-7.08953
-1.60002
-1.20731
18.8044
-3.37432
7.51055
-31.7778
12.3952
-11.0111
4.69127
5.94756
14.0661
-8.02223
17.1487
-0.991194
-22.3225
-16.4377
-24.6825
15.7022
-11.9571
-10.0885
-28.8845
1.79766
9.81369
5.36847
11.6694
8.87564
-1.85788
16.0971
-1.9086
10.92
-3.88593
6.64109
9.65065
4.4841
-23.8099
5.30344
5.72803
-14.6267
-15.9043
-33.6671
14.6565
9.81847
-12.1097
-13.0516
-5.44075
-2.96995
-11.4429
-0.600369
11.8313
3.70507
-19.6631
-5.60126
1.52285
-5.83044
4.3026
-1.68675
-23.7468
11.0085
-2.38987
-17.4572
-5.61704
-13.1764
12.8169
-26.1859
-33.2636
-6.96079
-12.2716
9.45597
12.4918
5.60119
-11.2711
-1.83616
9.18056
-18.5787
-6.12456
-22.5705
6.73951
-46.2955
27.5471
-12.6042
-15.9332
-3.63722
-12.792
-3.8168
-15.7947
-13.0488
-13.7399
-20.1557
6.41487
13.4432
-2.35114
4.25471
-6.34187
-12.8574
-8.80311
-29.6292
-10.7689
12.6385
-7.32651
-3.28144
-2.81931
-1.50551
-5.84292
9.38874
2.78021
-7.26768
-10.9701
-20.0697
2.47472
7.97996
0.116532
0.648233
-14.2968
12.2979
-8.40552
-20.6223
7.36109
2.4076
-2.42016
10.9554
9.63322
11.1105
14.8833
4.79332
-21.5811
-8.80539
9.21032
-4.94721
12.4156
-6.37466
-16.3616
-4.86915
-4.32345
-5.71654
-2.37302
17.7464
-27.2308
-12.9692
-37.0529
1.30362
-7.65448
-5.60773
-16.8292
-7.73924
-5.73171
12.7606
10.87
13.2261
1.58206
-4.06679
14.6977
4.80466
-19.9676
7.49994
-16.7131
-6.63183
5.36505
-15.8767
2.08777
9.71052
-5.53151
-10.7239
3.87983
-11.671
-0.292972
-26.4915
-14.153
-14.2162
-4.43151
-4.21798
4.80965
5.05387
3.28753
-20.911
-0.452765
-14.0739
-5.39756
5.32794
-0.562731
8.50745
-17.4708
7.82965
5.67991
-0.703162
5.16065
0.210713
19.4222
-2.60225
0.669647
4.74658
-1.57835
-6.12821
-2.8849
-19.1792
-17.8406
19.1477
2.70797
-22.1273
-5.90504
-18.2875
-3.70537
13.7056
-2.02761
21.0163
10.5819
4.83961
-13.5597
-7.64998
-4.2435
3.22944
-10.8755
-1.99557
-13.0571
3.025
7.057
9.16959
-23.4725
-22.2433
14.3953
8.39787
-1.2528
9.36674
2.61879
8.12738
-15.9578
1.81523
3.90728
-1.09056
-17.5455
-2.45255
-0.927504
-11.2713
1.99791
5.2817
-12.779
1.85735
-2.60122
-18.7386
-6.66981
-2.56971
7.18278
-6.64604
-35.3062
12.51
16.3822
2.24133
16.3682
-4.45386
-6.39892
15.5189
8.21832
2.46857
-10.7412
-8.71841
9.61156
3.38114
-6.68289
-7.39555
12.7063
7.63701
-6.58041
-11.2672
6.75304
10.1374
1.4143
5.33732
0.334004
6.80794
-1.47958
0.00393406
6.63208
11.353
16.4226
-2.14918
-8.85741
12.2377
-10.3412
-3.69699
-7.58672
11.5809
3.30459
9.03857
-1.27541
-1.42555
-2.26235
-0.237941
5.18925
-26.2085
5.65241
5.01527
-27.81
5.03134
7.78859
13.575
-1.35617
16.9707
8.14028
0.832768
5.22032
13.6103
4.31821
5.9934
-10.5952
-16.5501
-2.86999
1.47842
11.6135
2.54345
12.3886
9.54088
-18.9183
16.286
1.921
1.44434
10.582
0.46866
12.9601
4.90687
8.88384
0.316425
-6.57463
-5.6758
1.11543
7.28791
7.11766
5.6389
4.82876
5.1596
18.0629
3.83205
3.85886
-8.71134
-1.83881
-5.15699
1.17998
4.50221
-9.49572
12.4065
8.18391
6.07321
8.80039
-13.6461
8.8803
6.68299
-0.96772
13.13
-5.9384
-0.406582
9.95143
-5.25285
-9.86394
11.5017
4.35424
-4.24438
1.555
8.45307
-3.67412
1.66302
1.97488
-10.6434
7.57533
16.1159
-5.13761
-4.001
17.2015
7.40093
5.07604
3.49969
10.7225
0.783561
19.7673
-26.2411
-6.88164
11.4186
9.78718
12.5188
2.99981
9.14579
-12.1465
9.12896
-8.14006
5.45163
2.94897
10.77
6.99928
7.95585
6.1243
0.737823
1.43759
7.61733
-11.8938
-2.76827
-1.34673
-3.65549
9.74613
12.0208
-4.13276
-21.8436
-4.85906
3.2581
7.10609
9.77254
4.53246
8.5594
4.41545
2.3676
-8.14606
14.9304
16.6484
6.17982
14.0227
9.46369
3.27823
-2.328
-13.1949
10.6779
-2.60545
-2.79804
12.7187
1.54433
2.09794
-2.95429
-5.7373
1.70574
-10.7321
16.9784
-9.72346
1.69532
-11.5219
10.5799
4.11108
-18.7278
9.58039
5.1276
11.2313
18.7706
13.0629
14.035
3.18286
11.5263
-17.7269
-8.82528
-8.59625
0.675917
12.8074
1.37102
-7.45438
-11.031
-2.13045
-5.21676
9.69055
6.14808
-6.41307
-14.7944
-1.87193
13.5677
-20.0521
-5.00424
-2.76743
-13.6703
-5.02646
-2.89593
-14.7444
-8.79568
-3.23212
-9.33591
-6.17075
-1.20371
10.7842
6.10019
-3.56211
-2.82513
-1.96133
16.9217
4.52347
-24.173
6.3997
8.52279
12.305
-6.55532
2.07621
-0.347547
-11.6369
-11.9241
15.8621
-13.0467
-11.9223
21.4934
8.75615
9.99317
5.59104
14.8461
16.0999
1.52725
-4.73312
-4.62019
-0.574082
3.80206
0.290058
-0.00334825
2.54623
-31.1492
0.460151
0.426465
2.08514
10.1483
-23.9721
-7.77594
-0.579596
10.3002
13.0568
4.18506
1.12322
23.7725
1.27951
2.36091
5.42658
3.20007
16.8923
12.5105
1.54511
12.1275
2.31044
6.5787
19.0567
14.051
-9.72589
7.69362
12.6353
8.87103
5.86517
6.51742
5.44968
17.9961
10.9697
-7.95993
-4.94027
12.5256
6.84656
2.30494
9.40883
4.2509
14.3068
13.501
14.9709
17.9843
-6.16566
13.843
7.08615
21.229
14.3192
3.18614
3.38196
16.6414
21.0478
10.0984
19.4206
21.554
13.2576
20.7206
12.8707
10.0468
8.49408
14.2082
7.7803
9.49431
1.91848
21.6097
4.82035
21.3938
13.5311
3.53411
12.0704
11.264
3.6945
-8.88856
2.9223
5.53545
33.0905
27.7559
12.1726
19.4844
-5.21184
21.1254
-0.413134
7.1382
-14.7129
14.6894
12.5783
-3.29693
16.6091
12.4374
10.779
15.5017
18.102
6.69741
12.095
9.89751
13.907
9.81876
10.0074
23.5632
13.8641
15.9209
-1.95981
13.3698
10.9315
16.0505
-11.6935
10.1235
17.8522
25.8478
-1.9659
8.8295
3.74644
12.1459
14.8734
15.3897
8.20449
3.56525
3.25548
15.8725
-0.306725
28.4287
6.00669
17.5392
13.3555
11.1101
-7.89658
8.03539
13.2773
12.3733
21.5657
13.6022
5.50766
10.0271
1.78079
-18.6418
12.1941
10.9953
-6.38647
0.887225
1.96089
-7.26971
10.4756
-1.9019
8.22768
9.33761
3.42122
20.2681
31.6228
-3.47834
18.1394
2.27675
17.6347
11.9087
9.76641
14.4104
-12.248
12.5061
-9.85304
3.43739
-5.74175
-5.38671
9.91437
5.07337
17.3266
11.1084
9.81229
5.81312
10.7918
9.32299
5.47817
22.5027
5.45896
1.3286
0.608635
4.73712
10.687
24.2516
5.43365
-3.10734
15.0318
10.7173
21.9036
3.05373
6.22268
3.23957
11.9263
18.9083
24.7036
-9.76324
10.2353
10.3165
-2.31493
8.94135
17.7667
2.0709
4.21053
7.99326
15.3648
9.7509
-2.89434
-12.8668
10.5561
1.221
12.444
2.47145
25.409
-9.38178
1.55048
-8.35543
8.61529
1.0979
7.914
9.32269
7.53343
14.5718
0.218263
8.84742
3.21209
22.5135
26.6778
17.9184
8.93171
8.94532
-5.82979
2.70528
19.4879
10.217
15.7656
24.8622
11.2512
10.3783
-3.96862
0.628761
-3.82565
4.96519
0.289719
1.11338
1.16623
12.9099
2.60385
12.0487
6.69352
22.0979
16.7312
10.6984
4.3983
15.4106
6.5283
19.8686
16.5551
12.0985
6.22064
7.12385
19.6143
25.0892
13.4706
13.2354
12.0955
17.6769
25.7153
3.35099
9.21741
5.7799
16.1859
0.0811868
3.57978
3.26333
4.90682
10.3897
5.41309
12.9791
-75.4058
-2.48605
-9.1135
-16.2729
-3.64057
-0.317838
-9.07685
-15.3581
-19.4007
3.06016
-31.5496
3.70507
-0.0834171
-18.7976
13.1354
3.7273
-10.2204
-16.6976
7.30352
-12.1674
0.313611
3.61665
4.18466
-3.49546
-3.76274
-1.25107
-7.18613
-5.70573
21.4322
-2.57416
2.4028
-36.3009
16.6787
-12.1983
1.45438
6.45194
17.4714
-11.9021
17.2664
0.296989
-20.3865
-21.9549
-20.625
15.5012
-18.0678
-20.9131
-24.483
6.24719
10.8912
3.93441
10.4264
-2.61376
-8.07609
12.9505
-9.27281
11.1335
-2.30427
5.21533
3.34632
-0.17865
-20.6936
-1.2598
7.23181
-13.9192
-16.7347
-30.8871
12.1331
12.6501
-13.0822
-14.9801
-20.5542
1.45173
-9.17649
-5.37886
15.5766
7.30588
-12.2223
-7.29579
-3.1602
-3.00969
6.58431
-9.73739
-21.2917
4.43572
-0.00937475
-10.3269
-11.5228
-17.9585
10.4943
-23.3813
-34.4523
-7.5509
-7.28206
5.70507
2.50731
3.65358
-16.6528
-12.8419
5.97491
-16.1513
-2.04121
-21.4076
-0.10031
-52.4966
21.9629
-21.2978
-14.9455
-9.15481
-16.7788
-8.39057
-20.823
-4.53535
-4.21533
-18.3985
4.65777
9.54666
-7.50365
4.11436
-15.8945
-13.4345
-3.83199
-36.7101
-14.4463
7.39748
4.63946
-1.45554
-24.0369
-0.405336
-5.82876
9.09606
-6.42241
-14.2982
-8.80671
-21.058
-4.75355
12.2777
-2.34783
3.06408
-15.7064
3.17511
-9.22086
-16.41
-1.19216
-1.886
5.20411
9.19061
7.54573
-3.69525
3.94527
0.639822
-17.3867
-15.5561
16.0019
-0.641893
7.51491
-7.96729
-11.5363
-5.34824
5.59969
-9.50133
-6.65936
12.4807
-19.8956
-6.63055
-44.5069
1.25467
-15.9757
-7.84186
-7.93288
-9.08045
-8.87565
12.5335
15.0447
11.0232
-7.64924
-3.5202
16.8496
2.76443
-31.3238
-7.59475
-12.9933
-6.66107
3.95736
-19.5074
9.23165
2.94278
-5.05651
-18.4722
2.57287
-12.5194
-2.13277
-20.2703
-19.2038
-11.7406
-8.89247
-3.78721
2.20548
-1.13842
-0.7398
-25.7134
-0.482991
-14.8551
-10.3763
8.93996
-5.99855
2.57725
-16.5473
7.76121
4.21118
-12.6664
1.84996
-1.88176
17.0599
-6.85245
-9.16777
9.32904
-4.83878
-15.6942
-1.13069
-29.983
-16.2574
11.8289
0.897437
-25.2598
-6.76714
-28.9675
-6.94835
16.7757
2.91765
24.2348
13.6445
3.53701
-13.6665
-7.14232
-10.4193
-0.0210458
-7.47841
-8.58932
-15.4117
1.1698
5.82363
12.9676
-16.158
-17.1214
13.5796
4.66223
-5.50146
4.9508
2.571
15.5323
-17.8251
7.96494
8.11239
-3.19471
-22.1522
-7.30982
-8.23165
-23.5801
-0.86291
8.38094
-10.03
2.58161
-3.3293
-31.3931
-11.148
-7.02217
1.82256
-12.5854
-32.9609
13.0677
10.3704
1.35329
14.9472
-7.42775
-7.55341
12.5466
8.99292
-0.0121349
-10.2674
-4.42764
6.52553
11.0752
-4.62487
-8.60752
9.70291
1.62448
-10.0328
-13.2797
-5.27995
9.5934
0.431404
12.9659
-2.89781
9.26088
-3.75143
-0.516786
8.78195
8.46518
15.3293
1.59838
-9.91298
15.7636
-5.97538
1.91883
-10.1289
8.67691
-2.35553
11.3622
3.29065
-2.62814
-9.14337
3.86099
2.02747
-24.6295
2.2656
8.77972
-29.113
10.06
2.97357
16.1815
-3.59212
13.4526
3.24984
-0.0990466
4.09843
11.8562
-1.42045
8.28153
-9.04379
-21.5817
1.69362
-4.0377
16.139
-0.218245
13.2446
6.06204
-21.6011
18.1589
-4.29818
2.97546
8.81364
2.11185
16.1618
0.515583
5.4091
0.249775
-6.07398
-8.94883
0.796443
7.98942
6.83719
5.57694
5.15606
7.5993
15.4767
3.227
8.13941
-8.80187
1.83535
0.0978873
2.24605
1.741
-3.49247
16.8431
16.5585
7.83663
6.2616
-25.4694
3.6989
6.83099
-2.71451
8.78567
-3.74889
0.778357
15.4323
-6.80523
-13.3038
14.1318
2.98912
-6.6211
3.30984
6.44196
-5.12512
-10.9797
-4.09868
-2.10947
4.63237
12.3562
-6.48922
-0.481225
12.5206
8.9652
3.30183
-0.867975
18.2179
-0.948885
23.5826
-27.3965
-3.24646
11.7132
0.356852
14.8793
0.215219
15.376
-11.6945
6.59539
-5.39756
3.55438
-3.99742
10.087
6.4501
10.1318
11.658
-5.33852
0.738371
13.8706
-10.6538
-5.39368
-2.51746
-2.67057
9.85403
8.86636
-6.61634
-29.1129
-6.45672
-2.70737
11.9011
12.7023
8.34525
5.06313
4.9666
3.70302
-5.60054
17.9628
15.6345
8.53162
17.4559
7.54565
4.24048
2.14572
-5.16758
8.22646
-2.72389
-10.9315
-5.01415
0.146272
-1.48664
-0.454778
2.87087
3.22954
-13.7981
9.84753
-12.616
7.78362
-14.5438
7.30045
7.06478
-19.6528
5.03718
5.27954
13.5152
16.8029
8.77522
17.0441
4.00668
9.0393
-20.1624
-8.8905
-17.0486
-0.354734
7.99136
-6.39745
-4.99441
-12.0319
-0.891049
-3.51497
10.018
3.89199
-1.08572
-14.6837
0.0969032
9.42448
-20.9571
-7.86995
-0.185386
-12.2289
-9.05402
-2.70422
-18.0823
-6.97201
-0.0855447
-10.6898
1.73157
11.7315
6.382
5.88187
-1.99869
-9.52503
1.98642
15.4689
0.342292
-23.2919
-1.76161
12.0081
8.85189
-3.07077
1.93302
-0.83502
-8.96229
-11.5388
15.5914
-14.2038
-12.3318
20.2289
4.79438
14.4312
0.356501
11.3449
13.2605
1.31721
-4.19318
-0.788422
4.95304
8.29192
0.232114
1.96642
5.99862
-28.5588
-1.80346
-7.13424
-1.23246
11.7842
-19.2898
-10.9908
3.12234
11.6671
15.2615
8.54863
3.98586
28.3903
7.02964
-5.44115
10.2573
1.76187
9.68453
14.2507
-0.260656
11.8989
5.77313
12.4735
24.8422
15.6947
-14.1356
15.6468
14.7213
11.7924
9.14365
13.3438
6.18586
13.6685
7.68306
-9.11589
-4.77374
11.2854
4.29069
3.5289
4.8402
7.00624
19.5221
16.9649
16.3196
15.9758
-5.69466
13.6676
7.55534
15.7925
8.54662
-3.0811
1.68529
19.9261
18.4233
12.9131
18.628
24.257
18.9346
26.1729
19.3089
8.93188
5.11415
22.9628
7.51284
6.98995
1.69438
29.8069
7.64118
27.4684
13.3456
0.341581
12.5673
11.7317
1.99677
-19.5352
4.27701
1.18233
48.2216
32.0056
15.6541
19.0919
-6.52718
25.3953
3.39406
7.38581
-14.9408
10.432
23.0808
2.21878
15.8887
9.01705
9.32567
14.1447
19.9016
2.64372
20.8655
-1.50264
13.8688
11.6924
10.6728
20.4061
13.1765
16.7365
-4.9951
18.4194
11.9521
18.3911
-14.3962
12.6148
24.7433
30.6226
-6.56759
15.6271
1.93442
6.9218
17.7331
12.8678
7.56819
5.9735
2.21597
18.9305
-2.64206
33.342
7.93201
21.1098
10.9352
6.6849
-11.5641
3.24426
15.0328
13.9116
27.5225
16.7695
1.12275
10.9564
-0.502132
-21.9945
8.43654
14.3741
-2.71709
7.13681
5.79407
-4.05323
22.2116
-11.7691
0.495263
4.34678
2.79375
23.3487
37.6983
-8.29063
20.0115
0.108949
21.079
12.7458
7.15699
13.5922
-10.941
14.1235
-14.0173
6.0843
-14.9672
0.366862
9.90263
3.20378
25.7475
11.1063
12.9289
8.15877
9.59773
15.6935
11.3485
31.7066
13.4344
0.469144
0.168152
6.62129
14.1872
24.1728
1.96021
-3.36949
12.9334
4.97748
25.8253
4.54792
-2.74855
10.5853
10.3564
19.8716
27.4362
-10.9318
12.6982
11.6879
-1.30237
17.8724
14.5187
3.15733
15.1084
12.6918
15.7659
7.17462
-6.37554
-22.9734
8.07189
-0.155757
13.26
16.3072
28.2616
-16.6991
2.80875
-7.47195
8.55738
2.3552
9.69625
8.90846
3.61488
15.0489
-2.52525
4.6832
0.2586
26.64
22.8097
17.756
11.9917
11.6643
-7.78072
-2.72819
23.5401
19.0531
22.626
28.5284
7.09089
15.1119
-8.76409
0.912682
-4.01358
6.94929
5.62482
-0.659857
-7.31519
17.6956
6.53662
2.76586
7.193
22.0344
21.588
12.8967
5.80479
13.978
7.92263
18.0126
15.2756
14.7792
7.34753
6.64033
20.2357
31.3976
10.2624
14.6282
15.8399
13.1625
19.9072
1.07761
5.66661
0.994436
18.8113
-2.21539
9.13229
0.713169
-2.80867
8.97311
9.24613
19.3118
-49.6098
1.65552
-3.0621
-26.2976
-9.09289
-3.50291
-13.7433
-8.8331
-20.0919
2.55762
-27.9928
-5.76161
4.41965
-15.0397
11.5728
-3.67363
-6.89025
-25.4873
0.96932
1.45302
-0.515891
6.60346
-5.23918
-5.84325
-8.68232
-0.0736462
-13.0007
-6.01296
16.8945
0.152273
1.49504
-23.8139
17.0632
-4.74839
-1.40302
3.81165
9.46436
-13.6125
5.1472
-3.9927
-20.277
-17.1049
-12.3945
-0.968526
-18.3784
-17.2522
-25.5934
7.29393
2.55354
3.71376
6.94761
-2.18743
-13.6015
10.9131
-3.93143
8.68533
0.278736
3.92583
-10.4474
3.47907
-0.429978
-18.4064
1.67321
-18.5035
-17.0892
-23.7838
13.6559
4.97878
-0.757832
-2.60206
-17.3762
-7.44513
0.770808
-14.1072
5.35733
3.44115
0.665276
-2.18336
-9.3151
-1.2249
-1.21663
-8.16075
-18.5515
12.1735
-2.57039
-13.0014
-11.2032
-13.847
4.55257
-6.40763
-26.9278
-6.53301
-6.52548
3.63353
-7.75088
7.41974
-23.9746
-19.7777
-10.5072
-30.3495
-2.93128
-10.9251
6.56528
-44.0317
17.52
-21.6043
-23.0457
-10.5223
-14.5655
-6.6697
-7.97627
-3.25408
2.38775
-12.7932
-1.27142
-3.26873
-14.8546
-9.15466
-30.7589
2.47418
-0.840639
-31.3173
-19.7789
6.609
2.98606
-6.64011
-23.7573
-10.2916
-4.94333
5.15801
-8.4214
-21.0209
-9.73273
-21.1604
-9.35713
5.57756
-4.73552
0.123982
-11.4203
5.06014
3.45016
-0.784696
-17.8516
-2.9068
4.68027
3.67702
0.658545
-5.98572
-8.79319
-1.73078
-13.2767
-9.39702
2.14086
-9.79234
4.50082
-12.8816
-7.54214
-2.7489
2.47397
-7.89173
-14.436
7.92159
-16.5355
2.42941
-37.5147
1.9272
-20.349
-10.9629
1.13813
-18.0421
-8.94564
12.026
7.86412
3.35901
-7.76545
1.37866
-3.11129
-3.16965
-31.1433
-18.2518
-11.7381
9.05619
-12.1376
-16.6239
17.4163
2.29701
-7.96002
-24.6286
-11.7372
-7.32771
-5.94809
0.00541666
-18.3182
3.11072
-1.31919
-0.931893
-0.359805
-14.1732
-6.76011
-21.3251
3.33875
-1.49301
-8.41797
4.49669
-7.79477
4.36245
-15.8745
5.33006
-22.312
-16.0606
-10.0962
-3.5655
6.6777
-0.0945882
-5.65484
14.613
-2.66049
-15.4957
6.19771
-26.9215
-20.2739
-9.0153
-7.84941
-10.5287
-9.15992
-28.8501
2.61756
4.31571
4.01098
7.75146
4.72403
6.63457
-15.9726
4.29438
-6.36679
-3.08622
6.79792
-12.8712
-9.92711
-5.90011
-8.79594
14.6652
-7.22692
-18.838
4.64893
3.53014
-1.46916
-1.97093
7.95149
13.4549
-17.7572
-0.00502388
10.5434
0.89523
-8.61902
-6.38872
-10.3539
-35.2247
-2.04115
-4.58173
-15.2
-3.32572
-6.80301
-37.0307
-10.2165
-5.50543
-3.59457
-12.1251
-22.8792
12.1181
-4.02
7.22986
16.6246
-7.77072
1.77551
1.88592
8.91489
-7.4286
-4.73679
-8.44322
0.240387
8.25135
-3.64066
-15.0793
7.51415
-4.85953
-4.75131
-6.04771
-18.2238
7.0078
-5.05325
9.90668
2.01196
5.76746
-2.60104
-3.38676
6.0116
12.8649
15.3538
2.98467
-14.4431
18.3202
-6.64078
4.64579
-18.7445
0.782041
-2.23125
12.5897
3.01641
-7.38514
-18.2746
0.751457
4.69692
-20.3202
0.839208
3.68406
-34.1333
19.5116
-0.363483
17.0989
-7.19916
12.4062
-3.26239
-14.5395
-1.55686
2.96846
-7.29295
1.53229
-16.4631
-25.1475
12.545
-7.56179
11.0877
-2.90739
12.893
1.87789
-32.6991
13.1083
-6.31881
-0.430882
4.59137
6.01325
4.47671
7.84048
9.62252
1.22356
-11.0877
-2.31024
-0.934854
3.89227
0.558702
7.77528
2.68156
-0.00194955
8.49252
1.4617
-14.7138
-1.50397
1.71412
-3.79167
5.98633
4.1412
-11.6506
13.0567
15.6432
5.71325
-1.4003
-23.9465
-2.73572
-1.36844
-3.77424
7.654
-2.2323
4.53122
10.2499
-1.68062
-14.4564
4.52316
2.94353
-10.8601
-0.0990564
-7.09938
-1.60753
-15.3493
-8.75836
1.40011
0.288595
-1.50249
-3.1855
-5.02947
7.96297
10.6256
6.14663
-3.34939
20.9163
-10.0063
16.3049
-28.4402
-1.78265
10.1643
0.318953
14.8345
-5.78606
8.53285
-5.81063
2.55227
-9.39506
9.86756
1.63961
5.07878
3.38805
9.85172
3.69187
-7.37992
1.6232
0.830885
-15.4478
-0.80273
-1.23064
4.97907
10.1626
7.67592
-6.92355
-32.1548
-2.91294
-2.52447
11.0973
17.5293
1.56716
5.34794
2.95537
-0.522267
-31.5115
11.6445
11.2172
9.31839
11.0331
0.419046
6.59884
12.9652
-4.51443
8.72926
-5.51961
-20.8769
-11.3072
-1.70207
0.65408
-6.95553
2.54655
-3.39907
-6.17469
4.26457
-10.0645
15.524
-6.55155
-7.60565
6.52613
-6.8921
-10.2463
2.66938
4.94936
14.9615
10.8663
12.0414
1.26603
4.91124
-21.5171
-21.0922
-19.4856
-3.71313
3.64112
-2.87993
-7.38274
-5.8303
-10.9371
-5.97022
10.9495
-2.20919
-2.78808
-14.5732
1.44769
5.1596
-15.1521
-15.9378
1.90284
-1.99464
-6.98576
-3.5169
-17.3284
-0.588653
6.51871
-11.6074
-17.9221
27.1247
5.42562
-0.141139
-18.6001
-17.0561
0.756877
3.45023
-3.46046
-24.4043
3.29904
11.0108
7.87961
-9.14856
0.573499
3.25507
-0.305185
-13.0144
13.0347
-5.94282
-10.2711
15.9169
6.3966
10.1178
-7.94406
8.6404
4.85237
4.49887
2.43609
2.20378
6.77803
2.3142
-0.0770529
5.12074
20.8551
-19.2344
0.663716
-15.0289
0.0564862
8.07231
-12.3344
-18.8479
-2.30743
9.92909
21.9205
16.2984
12.468
21.1353
13.0932
5.04396
5.142
3.47948
7.62576
5.27068
-0.923388
15.5702
6.43342
9.79949
25.96
15.5311
-11.0987
20.5017
9.80405
13.6844
10.5731
7.62505
4.83394
19.1742
14.9443
4.18182
5.08597
11.6695
7.19733
4.61455
8.62892
12.4324
20.0338
18.0607
17.0402
22.3368
3.49022
14.0405
8.44224
21.0079
10.9346
-6.5617
5.46684
23.2422
21.1774
9.19637
14.298
16.7182
14.8871
18.1606
17.0229
7.88545
9.48252
19.8699
7.2671
10.6056
2.64152
27.8408
6.24552
28.7973
10.6287
6.74259
12.8622
12.3391
7.82524
-28.2378
5.17335
1.08827
34.7697
28.9706
15.2906
14.7355
-10.4254
21.5744
10.2577
4.96171
-7.18549
17.1105
25.928
9.60307
15.7029
7.20826
10.5707
9.89159
16.7958
-5.54495
-3.1609
-1.4058
11.7837
17.6197
9.94214
15.0262
4.33313
26.2926
2.44321
19.829
9.85772
11.8932
-19.3321
12.8378
20.5391
34.978
-11.661
13.9255
-0.0238233
4.72099
17.2299
13.6517
7.22846
0.843089
14.5716
17.0762
-8.31734
31.3984
1.35726
20.021
8.7533
4.22194
-12.9399
9.96105
19.8281
18.5501
20.9099
22.5458
1.89557
3.64746
-1.24534
-4.19633
6.35441
30.4391
8.97052
28.4065
4.3649
0.783949
29.5541
-17.9103
-0.947437
-9.57634
1.28717
17.3377
39.4793
-3.21736
15.0215
0.461468
17.8006
11.336
-4.49876
12.7337
-3.87545
10.6566
-12.7295
4.28284
-18.2408
4.16327
15.8518
5.26762
19.4298
7.40365
16.0247
15.8772
13.4865
17.2063
10.5192
20.1518
19.6719
1.93864
0.813945
15.5661
17.7614
20.7404
3.02066
-4.16639
4.9105
9.72663
22.2185
11.0201
1.88361
11.38
22.6196
22.3747
28.8032
3.89698
15.7772
14.0433
6.9308
24.5373
8.45161
2.96341
12.4856
18.0746
27.2823
6.92284
0.235174
-12.6831
6.19583
3.58197
15.8046
16.8244
28.007
-12.1625
13.5112
-1.15879
14.6525
2.49897
9.31709
1.39258
-9.21397
12.3452
-2.65427
-0.0797138
4.44221
20.2679
15.3593
18.1164
11.4118
11.8222
-7.88796
-3.85901
22.5962
11.5021
26.3357
21.7535
2.14404
25.501
0.563034
8.9419
8.1995
10.102
5.50538
3.59477
-3.28414
8.61123
13.3442
5.35004
1.67558
29.104
19.2918
12.6032
13.851
17.5469
10.9519
12.0279
19.2067
14.6649
5.55229
9.1951
25.9226
27.4166
2.76993
10.4292
13.5037
10.4092
16.5407
2.48949
14.4184
2.82213
27.5614
2.37529
8.00803
4.12492
-5.85925
0.390808
12.09
23.6744
-53.2437
0.894751
-9.7356
-27.0835
-8.67902
-2.96808
-17.983
-4.52876
-20.5197
0.935143
-37.2521
6.86087
5.89572
-16.8374
12.2898
-3.50776
-0.0721163
-17.0063
2.29391
-1.1233
1.72139
8.80671
-5.58046
-4.59176
-9.24434
-3.26769
-4.68586
-5.29657
18.9719
-6.2471
-0.0817477
-24.8574
16.8694
-6.9655
3.32373
3.5788
12.1924
-9.0848
7.36995
-3.0287
-19.0497
-19.3229
-3.71056
-4.04888
-15.2397
-19.6956
-22.0537
3.70739
3.24609
2.55731
5.33368
6.90686
-7.88052
9.4423
-2.03418
10.0582
0.391341
8.45658
-13.0038
6.80528
-5.8344
-15.8926
3.44398
-18.0727
-16.9495
-25.1367
13.4832
4.62785
1.53081
0.436651
-30.4206
-6.20188
-4.71626
-11.9999
7.76815
6.91084
-3.20739
-5.29164
-5.08904
1.73709
-0.323855
-12.6655
-12.0053
13.3724
-5.23172
-1.46416
-17.9663
-16.0199
0.951086
-8.79231
-28.4727
-1.22562
-2.3792
12.3807
-11.0458
2.7103
-21.3764
-27.7562
-3.45915
-31.6963
-2.90088
-13.3432
5.24904
-24.3018
11.4913
-20.9748
-25.0118
-6.76878
-13.6833
-9.02004
-14.8498
0.359072
10.0966
-6.86448
0.5509
-6.38546
-11.6314
-7.12563
-28.1984
-4.22432
-2.72864
-32.4657
-15.5575
7.99928
3.63151
-7.1198
-32.3585
-2.46777
-9.46839
10.3456
-9.92698
-19.5636
-13.3967
-10.6458
-10.9145
12.6143
2.54835
-2.90277
-7.13215
2.02305
1.6414
-1.15127
-18.9986
-5.62115
-0.974687
1.18217
6.87854
-14.5157
-9.55012
3.96017
-9.36947
-12.5871
8.26835
-5.65913
3.61763
-7.27214
-3.07061
-1.36723
10.1887
-10.6554
-34.8124
5.50499
-23.1372
8.39672
-40.1664
10.0555
-23.4982
-5.75136
6.98941
-3.66226
-3.83409
9.88408
12.036
2.85658
-10.2621
6.18043
-2.36689
-3.92309
-30.4503
-25.6661
-10.2804
6.9897
-16.6836
-17.7926
22.6419
2.42837
-5.52126
-24.2467
-11.995
-2.21901
-2.43414
1.12996
-16.1766
-3.1722
-6.22266
3.04186
-6.39419
-17.1459
-5.75958
-24.3937
3.62067
2.33252
-6.62442
9.30389
-4.55023
5.07319
-25.8686
6.97129
-20.8306
-17.0599
-8.32915
-5.44042
11.6764
0.00539063
-6.83912
16.5894
-4.87492
-9.04658
2.06535
-31.0502
-17.4132
-9.80442
-8.37685
-10.1351
-11.1013
-32.8993
2.39829
9.70326
9.91416
8.41146
5.95218
7.96912
-15.3629
1.03789
-0.874797
-0.400973
4.09861
-18.7577
-7.12249
-6.47684
-13.0269
17.1466
-0.464175
-16.663
6.44453
1.24946
-2.24176
-1.14834
2.90032
19.4023
-14.8987
-2.02179
10.2487
-2.71298
-7.09228
-4.25936
-5.90785
-35.529
1.89478
-3.7281
-22.5316
0.0995303
0.458885
-32.2127
-11.1289
-4.32515
1.41285
-14.7513
-14.3946
10.7251
3.87628
6.72091
17.2614
-4.59809
1.61638
0.0881843
5.5447
-5.2693
-7.81676
-3.87497
-0.177711
9.87965
-0.404436
-13.6516
-2.28467
-2.38707
-1.91146
-4.82447
-11.521
10.5996
2.31753
11.9988
-3.27049
7.41424
-5.12109
-7.85777
5.79006
14.4884
10.2847
2.59787
-10.0068
19.0217
-4.17879
2.75431
1.0997
1.87586
-8.14896
12.787
5.94323
2.08796
-18.7463
11.6076
5.31006
-10.8706
-0.849962
4.91012
-23.6484
15.199
-0.465492
16.0418
-7.97797
11.1154
-10.2854
-11.976
-3.9421
0.945361
-12.1075
1.74464
-20.2049
-23.7218
9.30868
-5.13447
14.6515
-7.58826
14.2536
-2.70246
-32.2071
12.432
-3.19392
-3.41409
0.954967
6.44474
-1.20679
10.4338
9.63244
-5.90232
-10.9524
-5.37683
1.63992
3.80195
-1.05118
6.32503
1.97337
3.38453
8.87146
-0.856713
-9.87787
-4.56884
3.33531
-2.21334
7.54667
-4.84626
-11.813
14.7349
17.1243
7.8229
3.5131
-29.2069
-5.19635
-0.644986
-3.51092
7.92745
-4.82783
2.0261
14.9812
-8.79568
-9.69305
2.77333
4.8889
-11.4503
-0.451061
-2.03258
-3.12626
-5.71958
-8.81502
5.31954
-1.05018
0.379187
-2.98887
-2.67325
11.8506
15.0703
8.5692
-3.06322
19.5679
-5.61996
19.0105
-32.3647
-0.200912
14.4217
-0.594776
12.6491
-1.70987
7.95831
-6.26159
-5.61024
-11.023
13.1786
-2.30468
7.64443
4.88026
9.79888
8.80001
-10.2702
5.984
3.66289
-10.068
0.911515
1.04438
1.5005
13.8998
3.83637
-4.6151
-28.7679
6.0432
-5.39935
12.8098
18.5642
4.33818
9.23379
6.71565
3.23659
-17.8291
15.063
15.2792
10.533
9.67381
-2.1618
5.88128
15.1694
-4.59774
4.8318
-1.71289
-22.5521
-8.6241
-2.04214
2.18307
-8.9258
5.65121
8.60795
-11.4876
3.03246
-7.55953
16.6969
-12.8548
-9.16766
7.58073
-12.6814
-12.9635
0.332314
4.26574
13.4256
5.31607
9.23644
1.03038
4.8531
-18.3184
-19.2569
-16.0587
-5.37667
4.25222
-9.31103
-6.25043
-9.13582
-9.81641
-6.77295
8.4641
-3.57654
-1.01384
-5.64959
2.00041
-0.225947
-17.3403
-10.6771
0.44484
-1.58715
-7.50321
-1.83582
-18.4138
-5.40741
3.03142
-10.8319
-11.3001
31.0807
0.288649
1.86739
-12.9591
-13.1805
3.46864
4.03829
-4.65692
-21.6498
-0.908557
11.1135
5.76799
-7.54854
0.765974
3.06217
-10.3228
-12.5366
12.0587
-10.2204
-14.8541
16.1143
3.01532
15.1769
-6.31559
9.58243
-0.526505
6.68845
3.76145
-2.93501
11.7867
3.34123
0.868946
1.75249
11.6216
-17.9507
-4.01853
-19.1702
-3.12027
5.8728
-7.75608
-25.5941
2.82333
11.7778
20.515
9.47136
12.2819
21.5257
15.4893
-4.79177
6.3501
-1.23416
16.259
5.03219
-0.125855
10.7474
5.67863
12.781
28.4618
13.981
-10.8651
18.0609
12.3591
12.5553
4.51197
10.6385
-0.679896
17.7266
13.1258
10.8534
5.75858
13.0781
8.85888
4.19712
5.73111
8.63487
22.3944
17.9478
18.2389
18.1521
5.758
9.14439
5.16325
23.1672
11.4657
-2.80758
5.59279
21.4232
17.5149
9.82202
13.0783
14.8236
18.7162
19.927
23.0352
6.38322
9.03868
19.2589
8.24232
11.1591
6.76072
29.6224
2.97166
27.0634
14.4504
6.06967
12.5527
16.9701
4.80674
-25.3423
6.39733
5.8539
38.7287
21.8058
22.4319
13.8844
-12.4574
26.0605
18.5293
4.92252
-6.02103
14.5888
21.791
12.9046
10.1683
4.64988
9.35436
12.4718
13.0679
-2.86498
3.36317
-4.64063
13.5414
10.5256
15.0903
14.0682
4.65816
26.2497
4.22475
20.096
8.15535
7.36232
-16.3122
14.9581
20.2936
28.7003
-12.7433
11.3323
-0.736126
6.01862
14.7084
8.3987
8.68957
2.2683
8.76785
18.6888
-3.50536
27.6799
2.14914
20.1847
5.19391
7.79085
-11.3167
8.78441
18.9302
15.706
20.426
21.6394
3.51995
2.98325
-6.34532
-13.0749
1.68035
26.4819
8.47498
20.8245
8.49478
-0.107912
24.4569
-19.3786
-2.47508
-5.1894
3.56645
13.7638
34.1421
-5.45893
14.9352
3.02436
17.6224
15.5058
-1.95104
11.4189
3.07702
11.8816
-14.1552
5.92708
-21.6218
6.23574
12.492
5.11846
23.4602
9.10231
24.6409
14.4483
10.7646
17.2171
11.1215
18.2892
14.6023
4.33198
1.85415
17.5016
15.3642
19.2674
3.68558
-1.44566
-0.750572
8.21627
21.7438
6.01394
4.48074
10.7428
18.4043
24.1087
23.5068
4.9203
15.1388
13.5565
3.642
18.6123
10.6086
1.89299
18.0951
13.7526
25.5018
9.51255
2.33037
-13.666
8.82478
-1.00152
11.9906
22.1503
25.6242
-18.0825
12.1158
-6.7597
13.6094
3.59556
5.81948
4.65214
-1.54446
12.7921
-2.73397
-1.70757
5.87874
25.4457
14.4714
18.73
10.7796
14.1457
-15.0872
-2.66151
19.4902
13.3021
23.8236
23.2212
0.663374
27.116
-5.68045
7.8079
0.297601
15.189
13.086
1.51777
-3.01682
10.5965
11.7733
5.72983
9.20842
29.6627
21.6693
11.1739
14.4062
12.5882
8.82123
12.8977
12.7582
11.0475
3.78806
9.44949
21.8477
31.8601
2.50627
10.9872
12.5386
6.97027
11.8581
-1.73517
13.9972
-3.99684
20.7743
3.16631
11.7472
4.90346
-7.63021
4.79495
16.9982
20.2954
-48.2033
-1.36056
1.95649
-16.918
-7.03478
3.19323
-5.71961
-13.5214
-12.9454
6.21292
-19.8322
-6.41825
-1.46556
-12.7475
10.9719
7.5221
-13.7018
-15.2204
-0.376897
-12.3958
-3.51921
0.424127
-0.938508
-3.33345
-6.24709
-4.08196
-3.16716
-12.8997
15.3679
-2.1831
5.44342
-32.5156
22.3019
-8.81782
6.35958
4.68569
5.33667
-11.8304
15.4218
1.52373
-16.9381
-17.2705
-20.7083
4.76946
-8.7856
-19.2936
-26.2959
-2.22512
9.49488
3.01925
11.4328
8.95281
-11.1876
13.6187
-0.973319
11.0623
-3.81045
2.46366
0.576729
8.47336
-21.6784
-6.39792
5.14758
-16.4065
-14.1036
-24.856
11.3821
12.4763
-21.0535
-14.1856
-8.11608
3.24518
-13.0948
-8.32894
9.11164
3.05347
-14.9512
-2.32677
-2.31794
-7.04084
4.89562
-10.0366
-21.1619
12.2804
-1.67529
-23.8128
-6.63598
-10.4205
14.0106
-21.0729
-33.0734
-5.18686
-11.5245
5.05369
8.87827
2.2759
-16.893
-6.65612
10.0841
-22.3504
-4.56514
-17.2498
5.16014
-44.1484
23.3311
-29.7309
-10.0688
-6.04867
-11.6389
-7.13358
-18.9004
-15.3852
-6.97695
-21.7353
2.9438
14.6869
-10.8628
10.0465
-17.0774
-8.53659
-4.51565
-31.1933
-20.8015
11.6434
-4.5695
-0.884726
-7.13943
1.88906
-7.54176
9.40886
4.41745
-14.2426
-3.92439
-19.4406
-3.81677
8.52698
-1.52013
-4.28513
-23.2129
9.27182
-8.77259
-19.6645
0.329265
8.89443
-4.02076
9.46004
9.97937
5.32525
11.6885
2.59489
-27.149
-11.1961
5.29306
3.43207
7.58869
-11.4977
-12.3276
-3.93212
0.625326
-19.546
0.506399
23.0593
-17.2585
-13.7818
-41.9395
2.4364
-10.6261
-7.86801
-24.0036
-19.5093
-6.18481
8.4826
15.0474
16.2368
1.18698
-1.03843
11.6896
2.48816
-12.2673
0.458128
-8.81255
-8.98621
3.30547
-19.2005
4.42825
9.77954
-4.9353
-12.3901
4.63144
-1.65309
-4.09475
-23.7186
-8.62858
-20.2766
-3.42343
-0.704317
2.75769
6.83184
4.07904
-16.1366
0.0256505
-15.3952
-4.23106
4.50741
-1.67376
2.19187
-37.7735
7.80531
2.97247
-2.04819
1.77846
4.02671
13.9724
-5.60135
-0.296302
10.6505
2.62028
-12.1904
-3.68854
-22.151
-14.5732
17.4166
2.51058
-26.1538
-2.86333
-20.9098
-4.13856
15.4247
7.83077
19.8775
11.3646
10.7036
-11.2848
-9.16076
-14.4696
0.317219
-9.18575
-0.0426547
-13.4111
5.62606
6.05811
3.40527
-14.9733
-15.957
13.2925
2.65449
1.2286
12.9801
11.6966
9.04104
-19.9261
5.59136
6.07974
2.60204
-11.0052
-7.45227
-5.88943
-11.7971
2.14083
3.28541
-9.80917
0.928536
-5.21006
-21.9602
-8.18182
-6.17932
-0.956693
-5.83472
-29.5921
15.8194
12.7582
6.79711
17.0429
-9.4566
-5.72279
10.9085
10.377
10.721
-8.69101
-10.4523
12.2071
4.14374
-10.1808
-7.33265
12.8575
6.30415
-12.3986
-10.025
-1.35713
12.6014
-2.45425
1.28424
8.78115
6.87551
0.887889
1.45228
12.934
6.81534
13.8951
-0.724152
-13.2511
14.0622
-11.984
6.09634
-13.7715
7.56645
-0.561983
10.829
2.08922
1.01957
-3.4571
-4.51673
5.35108
-13.4385
6.78524
8.6087
-23.2804
8.05317
7.41989
10.9716
-4.66623
15.4474
7.9577
-7.74146
7.48695
16.8772
-6.42281
7.32762
-5.96376
-19.3978
0.572981
9.19612
13.1187
7.78533
10.6225
7.31831
-15.6021
15.468
-6.7821
2.55892
8.62112
-0.710936
12.3286
5.11759
7.37575
-4.44111
-7.97778
0.657647
6.16205
10.1689
9.13792
17.5086
0.496548
-0.59002
16.7645
5.20297
-3.23411
-6.7311
3.80003
0.709901
7.87837
3.92608
-7.22048
10.5525
10.5585
3.48804
7.33582
-19.9081
11.1721
1.1749
4.1829
12.3256
-6.08301
-1.49593
12.1085
-4.62391
-11.0951
4.68421
0.998877
-8.60393
6.48012
4.63147
-4.6725
-5.71889
-0.157741
-8.03453
10.4747
14.759
-4.86126
0.958952
13.7038
5.92477
1.77634
0.908993
13.851
-0.898164
20.5678
-28.9361
-3.57139
13.565
7.6142
17.2109
0.849498
6.61265
-16.636
7.58103
-1.74593
2.62805
1.08319
9.29588
7.46015
2.44381
10.5352
0.205312
8.87921
5.56903
-9.05226
-4.5794
4.49651
-7.65075
12.1503
11.3521
-9.87366
-20.05
-4.24562
1.93988
9.57479
13.006
8.84609
10.0385
4.27872
-6.31948
-18.8655
19.8538
15.9956
8.33824
14.7408
5.42171
3.03959
-3.11207
-22.1321
17.083
4.87276
-3.89301
6.38414
3.09961
-2.3548
-0.817433
-3.30097
5.28301
-13.5684
2.52885
-9.99463
7.38896
-11.5096
13.9155
6.20056
-8.5254
9.02611
6.87783
14.5053
14.1235
12.1501
15.6484
4.71378
13.4599
-11.3172
-12.4777
-14.5348
8.032
9.37253
2.17157
-0.72709
-13.7065
-6.76959
-1.13734
12.3494
3.38323
-7.74977
-13.8747
-1.29188
12.6224
-17.6218
-0.0275354
7.35615
-8.45007
-8.1805
-1.66768
-20.8639
-8.44893
3.17827
-5.26667
-14.3595
-1.63979
12.7446
5.37613
-4.7256
-7.57849
1.62279
21.9478
7.28925
-23.3055
-0.182422
12.3273
10.9761
-9.93836
6.54671
-0.293891
-3.89105
-13.9645
11.9933
-13.7929
-9.70128
22.2653
13.6309
11.3638
0.255171
8.80609
15.7116
-0.176924
-3.82727
-3.97892
6.35766
3.99024
-2.88563
2.25354
5.26712
-23.3585
0.753788
-7.68562
1.01337
2.22031
-14.8363
-1.86335
8.23314
11.5107
16.9538
7.54217
4.74944
20.3
4.07943
10.3958
2.80805
9.47942
11.1568
15.4963
1.01103
14.4683
1.28258
10.8735
16.8535
7.85573
-4.51285
9.77594
11.9381
10.1331
9.80928
4.85912
7.06721
23.5136
14.2706
-12.3733
-4.31001
7.04527
4.49094
6.52832
14.2889
6.7689
8.86037
15.5065
14.2073
23.5628
-6.20038
19.0313
10.4855
16.579
14.8828
4.88106
6.66304
22.859
22.7219
12.8911
19.824
26.3267
13.2444
19.7817
13.1683
13.3973
6.92695
9.74319
-0.00482634
9.12232
-3.9292
20.4969
11.7867
19.87
15.1775
9.41943
11.2213
12.7377
9.212
-17.6414
1.95986
2.91448
32.8689
28.5326
7.82106
28.1915
-6.28998
23.415
-3.5138
6.33602
-13.1804
8.47543
13.3336
1.22881
15.6807
9.09045
13.7898
8.47514
13.8069
7.74779
-3.18143
-6.11067
11.0642
16.474
5.23177
18.0283
12.3219
13.3066
-5.07718
17.0388
8.79389
19.3795
-14.4422
13.7483
20.6975
25.5389
-6.95722
10.9552
-1.91604
4.78717
15.5136
14.3592
10.0388
6.02474
10.8143
16.7481
-3.71179
28.7973
8.29089
18.2476
12.5364
6.11124
-12.1626
10.0037
10.9919
15.446
22.1734
22.5094
4.11612
11.9984
5.57511
-4.61898
13.4999
19.7913
-2.88051
17.0893
0.369275
-1.03562
18.9328
-7.19528
5.42657
5.1918
3.79789
21.7141
36.0043
1.62043
19.0002
3.71525
16.9487
19.1587
3.3387
16.3689
-10.5864
11.6968
-6.25814
-3.24134
-12.4845
-1.5005
14.9072
1.77371
19.1319
11.9312
6.40527
4.79049
12.5707
9.07381
3.92378
26.4424
9.60074
2.948
-3.46754
7.12968
8.57941
20.6832
2.20256
-5.27666
11.5646
8.54219
20.9729
3.59068
4.05251
-0.419118
19.4912
18.9385
30.737
-2.60707
8.34128
12.7714
-3.36847
16.9996
7.01296
-2.11434
7.42085
12.9965
11.2005
7.67452
-0.956636
-6.28327
13.4644
0.35635
19.2413
6.19455
30.261
-8.80836
7.35072
-5.79428
11.9572
0.102233
9.90492
2.20275
1.84674
15.3248
-2.58088
14.8475
11.1214
13.9389
20.7101
15.8942
15.3336
12.0315
1.14824
-4.55974
16.6557
8.83507
12.2555
18.3664
8.67205
16.5545
7.45315
4.89528
2.58838
3.28246
-3.21445
-7.55286
2.24586
11.9664
4.14156
2.84736
3.3657
19.0256
14.7969
13.5076
10.1902
18.834
6.33467
11.4914
22.9814
12.0437
11.442
8.84688
20.5977
23.878
6.45131
9.87307
11.872
20.8385
20.1223
2.79374
10.8038
-1.06655
18.5805
2.21055
3.87828
-3.96673
6.2408
4.00892
10.1961
14.6324
-80.2102
2.62605
-5.60781
-25.6624
-7.89042
5.85853
-11.9226
-11.2331
-19.345
8.18342
-29.3671
4.68392
-3.86539
-10.8138
15.2541
2.8465
-10.5575
-10.0916
4.40532
-11.763
2.7528
3.85698
6.53963
-1.8698
-0.619658
-3.81136
0.298507
-17.2241
20.75
-6.59333
4.96126
-35.3892
21.7309
-8.65757
8.71218
1.51257
15.2134
-2.60459
13.3768
-1.85054
-13.6162
-11.9589
-12.8387
-3.72065
-5.25772
-14.2325
-28.947
1.58799
6.8144
7.65715
10.1886
15.9376
-4.5198
9.86258
1.52384
13.5354
-5.57408
5.39577
4.1095
12.0422
-27.2115
-6.71514
4.70745
-14.9741
-17.0355
-30.1432
20.2528
11.5806
-12.8519
-7.27901
-11.2274
-5.26387
-14.6509
-2.13477
9.69374
4.78692
-19.1188
-3.73883
0.251099
-5.34516
-3.06107
-5.76541
-15.4719
17.6005
-1.39866
-8.6296
-10.7084
-20.551
12.3534
-18.5934
-28.9568
-0.8666
-10.4242
19.011
4.16813
4.95617
-12.2991
-16.7645
11.7045
-21.4489
-12.5351
-18.1141
4.92472
-26.8583
21.0867
-22.9797
-19.1121
3.33683
-5.9595
-1.28712
-16.778
-15.8236
-0.29674
-20.0789
2.41847
11.4007
-1.95263
3.98975
-9.19283
-11.9942
-7.70568
-35.9865
-10.504
13.2701
-5.20052
-1.45734
-10.1948
6.73827
-10.0553
15.3986
6.63304
-17.1971
-5.41497
-6.23893
-7.99288
10.2525
7.59407
-9.2951
-24.9812
11.0291
-12.8919
-18.0089
-5.19739
1.11192
-6.33088
8.12332
18.5855
-0.273455
11.4995
9.8535
-21.6544
-11.0507
13.9517
1.55895
9.11901
-5.71715
-8.67172
-2.88952
9.23155
-13.8508
-3.5193
17.3086
-31.9146
-12.2098
-44.9367
1.78745
-12.6008
-6.51883
-15.0957
-2.5115
-2.12247
8.32087
16.1862
14.6697
0.408563
1.50597
20.7821
4.15722
-30.7178
-2.88125
-3.75263
-12.5619
-4.15158
-17.0252
5.60461
2.88091
1.46799
-19.1031
3.42022
1.01189
-12.2966
-22.9922
-12.7212
-8.22644
-6.40674
-0.302131
-8.75988
7.33233
5.7509
-20.7546
-1.54915
-17.0308
-9.79142
4.52628
0.00343825
11.3703
-40.396
9.97858
3.90088
-7.38365
-0.123378
4.81612
25.3459
-1.23258
5.31693
12.7688
1.38354
-11.5288
-5.53594
-20.5184
-15.8583
11.5374
-1.97159
-25.0578
-4.18259
-25.2509
4.37759
16.5264
6.99951
25.0413
14.2083
9.84899
-13.2466
-4.19386
-11.0133
-0.69588
-0.245158
-3.94612
-3.50159
0.320331
1.92125
8.89431
-22.7606
-20.024
10.6839
3.24738
3.29463
11.3102
4.33819
14.5801
-17.982
6.49701
3.93545
2.15752
-10.0849
-0.891381
0.239955
-16.2281
5.10585
5.78912
-5.7873
8.19863
-6.04041
-18.3771
0.339135
-5.35706
1.86317
-5.93234
-18.3775
11.8738
12.8427
4.93131
18.9502
-10.2623
-5.29073
10.9287
7.08515
4.98071
-12.5667
-12.3811
7.89161
5.43719
-6.02386
5.38914
3.74751
6.68222
-8.50893
-6.91574
7.4688
14.5208
6.54434
5.0067
0.258094
5.72586
-0.979435
-8.71309
9.37827
13.4822
15.1812
-2.41889
-12.7104
20.7589
-6.07774
1.79306
2.24083
9.82587
-0.475693
10.5611
1.26893
4.20704
-10.8361
4.10185
5.39269
-11.8422
8.9456
8.49991
-16.9959
11.1107
8.37507
19.1713
-9.43391
23.4342
-2.12836
-7.86661
3.92567
10.8479
3.52752
2.72354
-14.7428
-24.5554
2.07628
6.35644
9.06278
2.91424
19.3357
0.876288
-15.9932
17.8449
-2.02989
-0.701365
12.8593
-0.292339
8.97955
7.55095
12.5565
-0.229337
-12.3284
-5.08154
9.63538
7.46714
10.6141
25.5363
3.31057
2.46193
14.8787
1.79599
3.82773
-5.2778
8.46238
2.01359
8.23321
0.791028
-8.96995
11.357
10.2464
3.31234
4.19008
-13.5726
4.13539
2.88271
5.60669
9.5903
-2.62268
-0.749158
14.7703
-5.54144
-7.26764
3.75644
10.2388
-6.6096
10.7574
10.1067
-4.13097
9.14566
2.49864
-7.35013
4.21512
14.3763
-8.21943
1.02837
17.7757
11.9939
0.63723
3.44835
16.6625
1.59581
20.3599
-34.7404
1.68423
15.8764
8.74655
14.5713
4.97677
7.96172
-20.2778
-0.429513
-7.07773
9.31704
0.822381
9.33859
4.10833
10.6034
18.0242
-0.521608
6.25499
9.81429
-11.775
0.617418
3.74559
-3.80224
16.5451
12.244
-8.45104
-18.2071
3.50219
-1.53492
12.0592
15.502
11.8511
13.843
11.8279
0.143931
1.24353
19.6194
24.4176
10.8543
10.7445
8.31839
2.26063
-1.27447
-27.3283
13.3756
6.68368
-4.73696
7.732
2.73094
-0.176573
-10.035
-0.776556
13.1406
-13.391
5.91786
-9.94301
6.81952
-10.8911
13.1856
6.2665
-14.393
8.16709
0.147251
14.876
12.7333
7.50275
14.9493
4.0635
10.0491
-16.1457
-11.932
-9.45247
5.55921
12.4594
6.33984
4.42903
-15.7239
-6.11034
0.887909
11.6311
3.734
-4.53343
-15.0652
-0.176442
8.42576
-20.7821
-5.3023
-0.154159
-8.10288
-7.26251
-1.17777
-17.4968
-10.8993
1.53739
-7.5904
-7.92185
8.12848
9.71268
5.7313
-5.00208
-3.80578
-0.366597
20.902
3.0341
-27.1294
0.476951
11.6438
11.6741
-8.21277
4.12738
2.84077
-12.4232
-13.3521
12.5801
-16.7425
-14.585
22.5628
13.2731
20.1752
0.514334
12.9906
11.7957
4.88508
-3.6855
-3.0996
12.1008
4.93856
0.450288
-2.43563
5.25155
-23.5622
-2.73374
-4.19029
3.25735
5.74554
-16.4722
-11.6899
8.92888
18.3687
17.0828
2.25634
5.71807
23.2227
7.73829
1.05172
4.64562
5.78103
17.5889
16.9508
4.13222
10.883
-0.769654
5.71179
19.7686
13.8873
-12.1832
11.5552
12.9309
7.61498
3.07791
7.5778
6.5654
23.1049
14.7065
-5.03359
-1.55446
10.9335
5.77856
4.6474
15.6772
5.09433
12.1132
18.3235
14.8649
20.2331
-1.82258
12.3871
-0.341721
22.4727
14.2226
4.36114
5.68994
21.9412
19.5459
9.70693
20.64
24.8276
19.2017
14.9926
16.5362
15.2359
6.8698
10.2782
4.17504
7.78781
-0.025615
23.7808
8.92814
19.0746
14.929
7.65311
8.91024
14.9732
6.8151
-13.0922
8.88863
10.3254
28.9574
23.4898
13.8917
20.3623
-8.02124
22.4704
4.29534
2.60746
-13.764
10.7537
10.9201
3.61705
10.4706
6.10381
14.776
15.089
14.8765
0.897811
9.39337
-6.78802
14.9182
16.2998
7.98837
17.8809
11.0172
15.1158
-1.98886
20.1275
6.79958
11.4753
-11.7951
16.9311
15.9482
24.917
-5.10798
6.75014
0.848836
5.33992
17.6201
5.76757
7.55767
5.55148
4.90537
19.4026
-2.63795
29.8143
9.09016
17.2447
9.06601
13.8145
-10.312
7.33104
16.7313
15.4888
24.1633
23.2293
5.44701
9.48144
-3.30722
-17.0897
11.2642
19.0824
1.68184
9.02903
6.53434
-2.28095
18.5944
-14.4554
-0.816767
3.6604
3.40708
16.4184
36.0106
3.09799
16.2051
5.80201
15.8897
19.4525
6.08049
15.0047
-4.09889
9.3795
-7.09181
2.63847
-13.9812
0.467135
9.13688
-1.08254
23.4626
11.8049
13.1837
10.4936
18.567
7.17976
3.91668
23.3249
5.81557
4.83389
-1.9618
3.97626
9.0151
21.643
4.90273
-3.83953
9.78998
6.48548
18.4078
3.91965
10.6232
6.16786
15.099
16.5349
31.5024
-11.1152
12.1699
13.5563
-5.84574
9.53807
15.333
1.81917
6.5335
15.2556
16.4386
12.2131
2.75352
-6.18352
16.2338
-7.78859
17.1317
9.22653
30.4441
-11.3175
13.9048
-14.443
12.4275
3.5633
9.80652
7.19488
5.36847
18.9949
-3.3429
7.03854
9.57703
24.2116
21.9739
16.2141
10.632
11.7768
-5.95709
-1.56124
18.2661
10.4905
14.873
16.8884
3.97587
19.8104
1.50642
1.31147
-4.47843
6.87685
-3.90282
-13.0153
0.923804
16.9422
2.05856
0.0838397
6.57636
21.1715
15.1823
16.3012
12.3505
16.0217
6.18482
23.6757
17.3187
14.2829
6.79055
7.16493
19.489
28.6048
13.3633
14.0324
14.9733
21.2973
18.877
-0.830407
9.8726
-7.17278
12.9835
3.89894
2.85811
-5.59581
1.49593
6.61794
10.2438
12.1236
-78.9065
-1.05249
-3.17091
-25.3106
-9.07921
4.42121
-12.6172
-12.4396
-19.3174
4.04522
-35.7484
3.22003
-1.13457
-17.8888
14.2273
-1.0703
-10.7403
-19.3531
1.26648
-13.3191
-4.06518
4.01384
4.35715
-4.07744
-5.22531
-4.18556
-3.35796
-8.61337
20.6494
-3.07937
6.12354
-33.5285
25.2156
-9.42485
2.61377
4.78723
16.115
-12.8582
10.6045
-1.52018
-18.4056
-20.1313
-13.4733
3.98383
-17.1893
-27.6022
-29.0506
-1.13489
9.35544
4.75171
6.78331
3.51505
-11.6074
10.2378
1.47169
14.3526
-6.583
0.411097
-4.73267
5.50373
-17.3518
-16.2159
6.2076
-20.7633
-21.4085
-30.6878
18.559
11.2947
-16.8724
-9.40316
-18.7807
0.161142
-10.3453
-6.23107
12.5224
5.89195
-10.3407
-3.50583
-6.90286
-6.02286
-0.0165841
-8.93995
-21.7339
11.7971
-0.372135
-6.20507
-10.6445
-20.5884
11.271
-18.14
-35.7203
-9.03513
-5.20616
8.41959
-2.13952
4.95455
-14.5639
-19.5937
5.64291
-24.6306
-8.38645
-18.8695
-2.03593
-44.3641
27.4217
-28.7617
-15.7545
-7.87202
-12.6355
-1.07575
-15.4708
-5.76365
1.22369
-15.3896
6.89174
6.48254
-12.2711
4.51647
-21.7622
-9.81089
-2.77919
-40.3095
-18.2486
14.3126
2.04365
-2.89579
-17.2604
3.56293
-9.12579
12.701
-3.06989
-19.6813
-7.76808
-15.1193
-9.24708
11.3346
-0.854034
-2.86163
-20.4166
4.3696
-6.67682
-13.9057
-10.8957
0.331417
0.902774
4.98587
14.3547
-6.60072
4.22107
7.45546
-22.2973
-13.6319
16.056
2.35628
4.06322
-8.86766
-5.68986
-1.53781
3.24231
-18.7821
-8.05326
12.5111
-19.9387
-9.95414
-48.8203
3.24629
-21.4239
-5.25951
-4.16756
-8.324
-6.12963
11.9279
15.8495
9.76957
-7.3168
-0.0177872
14.5756
2.09438
-35.9114
-9.49336
-9.18349
-12.1818
-6.21177
-23.0592
7.54898
3.66122
-4.09432
-26.1744
2.07066
-3.49692
-5.13132
-17.4507
-15.9454
-7.41699
-11.7582
-0.104417
-4.36192
-2.20039
-2.34598
-27.014
3.48306
-12.0075
-12.3117
11.5952
-6.56233
1.49273
-32.4292
11.3847
-2.3597
-11.4862
-1.10833
0.483503
15.8264
-5.68785
-4.22559
13.5763
-4.60566
-12.7897
-2.98545
-30.2232
-12.2898
7.6135
-1.94199
-27.8756
-10.9528
-33.7202
-0.409673
15.4098
7.91238
21.197
14.6219
8.20587
-16.6121
-8.67523
-8.17862
-5.01925
-7.92955
-7.08459
-14.4716
0.960884
4.87947
13.0695
-10.8115
-19.5405
10.1078
2.27372
-3.24116
6.8946
6.09459
14.088
-17.2237
10.7051
6.82397
-3.62597
-13.5773
-6.70363
-8.85783
-25.2846
-0.218702
1.65036
-11.8442
5.37682
-6.10339
-35.2291
-9.42185
-8.43972
-0.354392
-16.7576
-24.9859
12.7029
10.4863
6.09435
16.9541
-9.36733
-6.28121
8.55042
9.49404
1.21349
-12.4401
-6.54108
4.92723
11.2743
-5.04562
-3.81975
6.7845
2.063
-11.0878
-7.25105
-8.1004
9.40869
0.244882
7.89689
0.444434
6.43897
-6.43133
-3.67185
10.5476
8.11858
12.0211
-3.14445
-13.2761
19.2838
-4.74667
4.79977
-8.72775
10.8149
-7.54783
12.5023
5.55698
1.92563
-13.8708
1.76292
1.7764
-14.9943
0.776458
9.80762
-25.0873
14.9523
4.679
15.0872
-9.87065
17.901
-0.49579
-7.68426
3.50429
8.80445
-8.17828
4.40479
-11.7092
-23.3254
6.37475
0.137012
12.5595
3.82596
15.1147
2.27663
-27.6719
21.5498
-4.84401
-2.43806
6.07207
0.582863
11.7695
4.52921
7.48815
-2.15208
-12.7466
-5.12686
6.03576
6.89339
10.5916
21.0011
2.37257
0.52243
15.4083
4.38345
-1.94946
-6.56546
1.56832
3.12808
14.3435
1.6396
-10.3098
15.576
17.9651
5.25362
2.65598
-28.3803
4.35569
7.06821
0.397784
11.422
-8.25286
0.233212
18.5867
-8.41536
-15.8808
5.89009
4.39004
-9.1883
3.34738
7.26259
-2.88817
-4.90039
-0.144919
-5.37901
6.57247
15.4592
-4.60043
1.49763
13.1604
11.0131
1.87489
-2.25078
20.5011
-0.900329
23.0606
-32.3456
-2.35694
15.3842
4.23183
16.6509
3.9273
10.8072
-16.9687
2.87502
-4.01286
3.34061
-1.75877
10.2406
4.44233
9.6356
16.0948
-6.50786
3.32008
7.94027
-11.1791
-2.67053
1.27654
-5.87055
17.1738
11.1222
-10.7038
-23.1558
-4.24901
-0.432528
14.6674
17.1802
11.0119
7.68579
10.3624
0.726068
-10.0908
22.4015
20.8533
9.94494
13.9412
8.18912
3.5519
-2.97683
-13.1791
13.8675
3.30402
-11.1173
-7.25185
1.47523
-1.41312
-5.6666
3.11143
9.44734
-14.6983
3.61487
-16.8248
11.952
-12.8102
8.27445
9.65047
-11.1463
2.22363
4.7683
16.2215
16.5643
7.07019
15.7928
5.12252
7.12526
-15.6806
-14.7154
-19.5988
4.6268
6.69884
1.0245
-3.98166
-14.3316
-7.66117
-1.31988
10.5978
2.37928
-0.806499
-17.1679
1.67121
6.95052
-19.6329
-10.1628
4.5246
-10.6824
-7.55319
-2.69294
-19.5303
-10.5257
2.62967
-11.0151
-9.82872
17.6586
5.59614
2.2699
-9.14056
-10.7769
1.86579
17.7329
4.66644
-24.2518
-2.81963
13.3348
8.85807
-7.21501
5.81094
1.87962
-6.46768
-12.5481
15.1081
-16.2598
-10.7427
23.5235
4.82634
15.2765
0.554275
9.54327
12.8021
2.8289
-4.87649
-3.07566
14.0237
5.08086
-1.25413
0.839295
8.5708
-24.6674
-5.17233
-12.9786
-0.73064
3.95178
-14.9765
-13.7611
8.10828
16.4659
19.3748
8.72561
7.37022
27.496
13.4581
1.51169
6.87948
5.9474
11.0162
14.5921
0.765856
11.4547
4.66735
13.3964
27.3689
14.3666
-9.89552
18.1455
14.9017
10.5643
8.28509
10.159
6.14937
19.9513
14.4579
-14.1556
-1.27584
11.7306
3.88506
5.48088
8.47309
9.80893
21.3428
18.1303
17.0789
25.0603
-5.15341
16.231
-1.0695
23.1812
9.15629
-3.33945
6.81034
23.1924
18.0825
13.9537
20.1317
28.201
22.0385
17.4024
22.3158
11.5721
7.05092
17.64
0.480174
4.80957
2.87963
29.5212
11.39
25.5356
14.057
8.20945
10.7899
14.9075
6.73155
-30.6875
6.23658
0.806773
48.4777
30.4745
18.7803
21.773
-11.2461
27.4548
7.05469
3.72454
-18.5327
9.78762
20.8881
7.94065
13.0406
6.15453
16.5017
11.4201
15.8051
-3.64046
-1.40233
-12.7401
13.6151
15.454
8.43902
19.3368
4.50367
20.7505
-0.666591
20.5666
8.47612
14.243
-18.5499
16.0649
19.7226
33.4099
-13.0374
11.3458
0.740188
2.71373
21.3934
8.07409
7.90184
7.56821
8.43723
22.0118
-7.82078
35.1405
7.85577
19.0591
10.8735
5.62328
-18.8885
8.34678
16.6217
17.817
24.8301
24.6067
2.28596
9.01862
-5.04429
-13.7108
11.7102
20.5226
-0.917865
19.2237
6.29634
-0.570484
25.1522
-18.2846
-2.41113
-1.87852
0.249358
20.7734
41.2138
-6.95666
19.844
3.4513
20.0712
11.5364
-2.59186
9.57769
-9.18135
8.31359
-13.7323
3.89971
-21.8443
-2.49767
14.672
-0.214569
28.0554
11.1025
16.4601
13.1415
12.6178
13.5773
10.0222
29.8471
15.9694
7.51521
-0.597072
9.5194
14.7635
23.4298
3.56165
-7.62362
8.24819
3.6985
21.6521
8.02505
4.61474
14.9687
20.9158
18.1943
35.6815
-11.0345
12.9272
17.5826
0.490188
19.9639
15.9032
4.15869
16.9286
16.2228
23.5652
5.85745
-0.338008
-15.2409
13.7046
-3.82767
18.0672
12.0027
33.7354
-18.4783
12.9035
-9.2297
14.5257
1.56107
11.4328
3.74688
0.506085
18.0572
-6.66698
5.61357
6.48112
22.0341
24.4971
18.7277
15.4212
14.799
-7.56029
-7.28186
19.0746
12.8064
21.6072
21.4434
4.02484
24.6486
-2.9293
8.95705
-0.325883
6.93175
1.30083
-10.9556
-6.90285
20.7969
5.50222
-3.362
5.07289
24.9507
19.9054
17.7703
11.9867
19.1138
4.5207
18.6775
24.153
15.2984
7.48863
8.14621
24.2315
34.3417
8.9649
17.0395
16.9068
19.0362
15.3251
-5.89585
6.13725
-5.03202
18.6494
-0.71757
10.2165
-5.997
-2.54372
7.47482
11.7837
19.102
