-37.0896
-1.59407
-2.02113
-3.4156
-8.60811
2.01333
-2.04918
-12.6312
-11.4969
0.381529
-14.899
3.63079
5.90155
-9.17816
13.0965
6.05541
-3.18886
5.65505
2.82621
-7.12416
-0.631825
7.15683
-3.15034
3.94144
-1.38212
-5.32736
-10.4136
3.5913
14.7102
-8.34618
-14.045
-18.3098
11.7929
-5.34288
-2.80034
0.453378
5.38413
-9.2154
-2.33032
-0.495767
-16.1565
-14.0035
-11.6719
-0.244198
-0.864452
-16.6775
-16.9934
0.927349
-0.814308
6.46477
3.92569
-6.24535
-4.05379
10.5436
-11.8016
-5.948
6.73072
4.6251
-11.925
4.00845
-5.5663
-3.12073
-4.92256
0.431018
-4.60517
-18.4093
1.29436
4.64591
1.28865
0.807269
-20.3483
-13.5672
-1.33533
-10.476
4.99941
6.13382
-0.91348
1.24219
-1.4794
-7.15574
2.41524
1.6647
-1.21276
15.0567
1.36342
-10.7825
-2.35804
1.13942
-4.57495
-11.0649
-14.6994
-0.213275
-9.21873
-4.22684
-7.79698
2.29492
-12.2157
-18.0051
-0.555172
-13.5125
-5.36832
-4.46576
-9.83854
-16.5833
1.85627
-9.69309
-14.3392
-3.23804
-5.45115
-13.157
-9.58615
-3.88577
-8.70396
-14.0039
-6.34206
-7.77011
-2.71923
-2.36604
-7.67909
-11.4743
-4.57146
-14.2622
-9.91905
0.867606
-2.13147
1.06877
2.25193
2.07907
-4.02897
-1.97543
-12.4701
-7.07171
-6.21297
-8.92607
1.23569
-2.21461
4.20704
-5.39287
-0.308241
5.56652
-10.4714
-7.62629
-17.6334
-2.75306
-0.214007
3.57188
-4.78012
-4.56558
-2.89979
3.16712
-2.13822
-8.31311
-13.4037
-12.267
3.47108
-4.0325
-0.742407
0.809507
-5.11474
-6.2109
-24.0569
-6.30849
-21.6121
-3.48672
-28.874
0.661893
-10.7827
-4.64047
-0.661073
-19.469
-5.56485
5.96496
6.39168
4.96394
2.32828
-10.1415
-1.65084
1.81739
-29.116
-12.028
-16.2902
-2.84374
-4.44514
-18.7037
3.02616
1.32682
-3.64026
-7.39158
-2.21928
-2.83699
7.78433
1.91199
-4.16397
-9.99614
-11.1998
2.59586
0.493784
-16.9006
-3.23991
-13.9453
2.25287
2.39292
-1.37573
4.01735
2.58902
-11.285
-5.37418
5.89643
-19.0327
3.41383
2.35378
-2.29154
0.486319
-0.637379
-9.02385
5.99176
-1.59057
-8.30132
5.27364
-4.62466
-2.32166
-4.36804
-0.330665
-4.92994
-8.13361
-18.8567
-0.0362831
8.49576
-5.62994
7.0379
3.07011
-0.857001
-5.41989
-5.29854
-6.86804
0.953403
-3.53838
-4.84346
4.25909
-3.64168
-7.01673
5.11207
-1.56624
-11.5361
2.52894
-4.53935
0.335082
-4.52217
-7.05726
3.52217
0.896706
-8.37058
4.35036
2.93633
-7.31011
-5.50787
1.50475
-19.8946
1.8401
1.55198
-12.2961
1.86015
13.4648
-27.3167
-8.72598
-6.95512
4.89707
-6.94845
-20.6602
12.1577
-6.88955
4.6721
8.7563
4.35488
1.47284
6.64433
9.60652
-0.467002
-9.70665
-4.09878
1.76064
6.67228
-7.75083
-24.5441
0.853245
-2.91113
-0.699947
-11.1909
-0.14329
6.0304
-2.96146
8.10025
0.827557
1.89921
-1.87788
-10.6393
15.3738
5.3904
0.756959
1.34621
2.57698
9.52973
-10.2692
0.532703
-2.26597
7.09787
-4.73307
4.72534
-0.247598
6.49276
-4.58465
0.639418
4.26486
-2.40874
-11.2762
4.75937
-9.90147
9.97039
0.270553
7.26498
-3.36483
5.77099
-1.77427
-5.75777
1.68633
5.14888
-0.853761
0.858519
-10.277
-14.5348
4.07999
6.60705
9.32293
-2.64061
2.81758
-2.13239
-7.53481
5.53967
0.480254
-6.92424
-1.26979
8.81183
4.0893
1.81808
10.0204
0.355268
-3.86021
3.62063
4.93386
10.7906
-4.40494
-4.62669
10.3159
-2.17161
7.35697
0.652856
-1.24084
1.91933
0.981922
2.63258
-3.8131
0.881773
13.5099
1.97917
18.6502
15.9295
-3.81011
-7.57647
3.44111
1.49202
-1.32434
2.66183
2.92421
-0.42946
-4.70164
-0.578592
-6.15824
0.282113
-1.44322
-7.19332
4.54653
3.64091
-1.87021
-8.3064
-10.0579
5.16271
-5.37658
-2.44133
-4.21177
-0.388039
8.37666
8.19715
-2.55082
-2.73982
15.1206
2.80904
14.6735
-14.7073
-1.90443
8.43912
-1.65334
12.6768
-1.63905
6.17544
-3.06929
2.52522
0.629565
1.95347
5.08065
1.70931
7.10032
-1.56407
1.32989
-9.77577
8.61255
4.47622
-6.18455
-9.36744
-3.87129
0.663229
8.76832
2.27836
-0.0607453
-11.9047
-5.04316
1.79193
8.68814
13.2566
11.6775
3.91397
-1.86717
-1.34176
-14.0463
6.10932
5.7946
10.67
4.5326
1.22256
5.32498
5.42377
-15.6258
8.28516
5.62006
-5.07602
-12.4082
3.71622
3.87516
-5.40623
4.62994
1.44353
2.97476
3.09345
-2.89083
4.00606
1.18058
-2.79298
5.6777
-8.68494
-4.915
2.22785
4.39389
9.08549
3.41664
4.08785
1.34674
5.0893
-9.74791
-13.428
-3.39208
-7.20978
-9.81817
-5.93823
-4.8493
0.0767787
-0.900387
6.84008
7.63853
-2.29216
5.26194
0.33338
2.50801
1.8216
-3.9498
-6.61395
-0.616075
1.38106
-8.55866
-0.6938
-19.3539
0.576717
-1.32639
3.01746
-7.98251
6.35773
-3.11191
7.68598
-5.12632
-7.64797
0.92421
10.4178
-1.59543
-17.7594
-0.107502
9.06343
2.40737
-5.08432
0.779175
2.97151
-7.63272
-11.6985
13.2901
-4.67283
-8.08357
10.8505
0.0241638
3.32724
0.69382
9.89198
4.40455
2.62508
4.32296
6.2966
4.05079
-7.7317
3.90942
1.93002
10.363
-8.75289
-6.27981
-11.1367
0.634502
7.98704
-17.0206
-5.00663
-2.48379
9.7094
3.40232
2.59704
12.1117
32.6053
8.06298
-15.8572
5.74598
-0.92849
-7.43124
6.75198
3.67753
6.81286
8.35806
9.23291
8.56776
5.47378
-6.26471
4.93789
5.58814
13.9057
-5.67408
11.8122
12.5155
10.9946
2.89475
-0.978615
6.21554
14.3778
-0.413365
3.2757
10.2865
6.9408
18.9864
4.35231
12.287
5.45807
6.81344
6.43672
14.5843
5.86174
6.36039
-2.07799
8.30677
18.8427
3.34448
8.22564
11.618
8.06326
16.4926
18.0403
13.2328
7.76337
6.13429
12.0296
16.6936
5.70393
0.540622
18.0977
-2.52365
13.5662
9.33568
3.81888
7.98166
19.2049
-7.08655
-8.96821
2.74762
7.56857
18.438
24.2941
7.85455
5.98579
-3.56519
13.8133
6.16744
5.96896
8.3782
15.3088
11.4921
2.86557
11.8866
15.8539
3.80085
8.11681
0.268762
1.22715
7.66178
-4.39429
18.181
11.7461
11.9901
5.97638
10.0104
16.0514
3.58573
13.6621
7.32154
6.47702
-18.8287
3.44653
12.1613
10.3754
-5.63927
15.016
-4.38204
1.01288
1.92917
12.5132
4.99736
6.86535
7.32205
8.26472
-13.2121
13.4696
7.71014
8.47619
1.68231
7.47612
7.19484
3.06916
7.57486
10.2438
9.17683
16.811
-1.69199
7.80137
0.516704
-15.8005
-3.65772
10.6391
-1.85306
9.65887
-0.30656
-4.90306
11.7474
-6.48481
-1.26075
6.78861
16.7112
9.66556
18.3657
7.67588
9.55873
-5.58395
11.3031
19.8243
1.837
5.23947
1.14313
9.8478
-10.1534
11.0963
-11.2215
2.2538
-2.08826
15.4193
26.5256
7.68898
9.58217
4.68963
15.0804
12.3
9.29756
16.0368
8.85612
-4.00979
6.11721
19.0666
11.0023
14.187
1.02963
1.90494
1.22084
6.33943
5.81626
0.540178
0.283564
-3.01398
6.00177
13.0849
23.9008
11.332
4.47089
3.53117
1.77785
13.3709
15.9828
1.65361
12.8874
11.4259
3.84572
1.87072
-1.2522
-8.98395
10.4538
1.25728
4.56122
20.5308
8.0384
-0.55414
1.98314
-0.351657
7.11446
-0.818398
6.92661
-1.29638
-2.54336
3.97376
2.8617
-3.7535
6.98976
19.9361
5.45831
17.2641
7.26828
12.7612
-0.618981
-2.1844
18.4722
9.77906
11.9276
21.7013
-6.80319
6.11214
-7.97519
1.91879
-17.1663
7.25682
2.72436
-0.282446
3.09865
21.5865
11.5533
18.2394
5.99054
17.0514
17.2272
6.70975
4.74776
5.17506
9.14068
-0.276177
6.57734
16.5837
-2.21593
10.5681
21.1011
15.2047
8.43313
9.34899
10.1191
17.8581
1.09414
9.10378
2.37848
-0.234932
3.19713
5.774
1.96898
5.0383
-3.90737
10.9825
7.94281
17.5951
-60.1085
0.167678
-1.93321
1.29446
-5.20416
-2.58949
-1.12367
-12.4347
-5.29026
4.55854
-13.0691
2.74248
9.25496
-6.46255
5.95501
8.41325
-2.71127
7.73657
1.64996
0.35837
4.14018
6.38558
-10.7827
1.65739
-10.8705
-2.43821
-6.01401
1.19188
10.3695
-6.574
-12.7457
-15.5222
1.91897
2.33534
-6.35322
4.00297
3.80338
-9.84511
-6.36703
0.553062
-18.4913
-14.5761
-15.138
1.45346
3.01776
-12.4995
-13.7685
0.596234
-4.32252
3.69485
8.28816
-11.1984
-1.35952
7.12779
-12.3724
-9.29696
4.99224
-0.50346
-8.12018
3.70399
-1.46245
-1.91453
-5.24431
-3.48005
-1.14513
-19.8373
3.03927
-0.236305
-3.68648
-1.28808
-9.78837
-4.08775
-4.26607
-6.34881
7.43252
4.42093
0.958682
6.07028
-3.54466
-5.10707
1.02188
3.33416
-1.36831
16.0704
1.31494
-10.589
4.31407
-3.24104
-1.83776
-9.54105
-8.87728
-10.1694
-11.2079
-4.37019
-13.1755
7.90606
-11.9234
-6.92126
-1.39417
-14.1925
-0.853881
-1.2473
-4.57486
-13.4133
3.00341
-9.59112
-12.4768
-5.76028
-2.81432
-9.86241
-11.1335
-0.931435
-7.86369
-9.01429
-7.56981
-3.42324
-1.47163
-9.72042
-10.1749
-6.21711
-3.73136
-15.4028
-6.1437
4.96725
0.258249
0.726465
0.80097
-2.04154
1.57129
1.9105
-9.78115
-1.84186
-6.69268
-10.0795
2.34329
1.52697
1.51007
-1.49479
2.81597
6.20069
-6.28318
0.395317
-13.8297
-1.43541
1.49623
2.99051
-8.81399
0.47463
-6.53557
-3.02309
-2.23633
-2.60763
-6.67949
-11.7722
0.781689
-2.57594
-3.38415
6.33401
-4.2621
-5.82364
-10.9753
-2.58293
-13.673
-1.79706
-24.0012
2.65747
-8.599
-0.208419
-8.89795
-18.188
-4.98046
6.97736
6.0379
-1.16973
-3.9506
-1.72684
8.25799
5.32027
-13.7229
-12.7479
-15.3731
-2.65023
-3.2037
-7.19065
2.53935
8.73784
1.03778
-9.04802
-1.15498
-6.34453
9.18626
-5.47663
-2.2698
-12.382
-11.4381
4.24632
-0.781078
-14.5233
-0.756928
-10.635
3.6498
-1.12181
0.480113
1.25885
8.44537
-4.05873
1.57046
3.37024
-20.7541
-0.238945
3.18499
-1.2454
-0.489481
-2.77678
-7.03423
3.26294
3.56252
-4.65689
11.4824
-2.50546
0.288506
-7.01881
-1.80716
-3.10822
-5.81917
-9.11068
-1.91645
1.37881
-9.66496
1.66864
-0.841568
-1.99285
0.597678
-2.22932
-4.72137
4.24669
-0.926049
-3.64978
0.717408
-5.20161
-3.33104
3.77656
-3.71108
-7.7352
4.6964
-4.98385
-3.25097
-5.527
-3.29934
-0.544739
-8.10716
-3.32532
7.9849
0.747357
-6.75788
-8.60877
0.783322
-16.2924
3.66101
1.97112
-10.9908
0.301454
5.35149
-25.5829
-6.60043
-5.10301
4.01496
-5.54051
-23.3228
7.99108
-8.40976
2.19555
9.04346
3.20181
5.07254
1.70544
6.55436
-2.76106
-6.57011
-5.3959
4.43932
2.84921
-1.67425
-22.4867
-0.331527
-6.05734
0.781894
-5.90305
-2.04567
7.28669
-1.98687
6.50005
-0.514216
1.13294
-6.03944
-10.8889
10.8451
3.07036
4.03498
2.31904
0.960524
9.87858
-7.43787
3.01871
-11.9904
5.44649
-1.76192
10.8495
2.33507
5.22358
-3.48007
-11.3203
5.93822
-12.5997
-7.86342
2.28506
-12.5487
9.77208
-2.23909
5.45835
-1.86729
2.76377
-1.65764
-7.72293
-0.708433
3.11625
-4.77018
-0.702432
-8.50747
-13.5045
2.31759
-1.15434
10.2667
-2.55569
2.76515
-0.421913
-7.67868
4.68407
1.04525
-9.36592
0.0544643
7.21114
5.79368
4.08622
7.28529
0.381021
-6.96246
-8.82756
0.460658
3.71561
-1.55197
-12.5991
9.90329
-0.999531
7.31265
1.04235
-6.27811
1.41433
-4.35147
-7.23166
-4.3811
3.47763
7.92357
1.04434
15.71
7.59598
-1.55954
-4.33508
2.02725
-3.79768
0.168122
2.90681
-4.17021
0.50523
-2.78228
-0.927133
-4.87885
-2.01447
1.54689
-7.30045
-0.351927
2.58281
1.30873
-10.0756
-10.0583
-0.341523
-3.14632
2.2983
-4.11132
4.24955
3.57759
3.86552
-0.885908
-2.43623
11.4841
-1.68442
9.70648
-9.53734
-5.96503
3.54144
2.10193
10.5213
2.18475
5.07832
-0.650858
4.45606
0.625759
1.69379
7.15327
5.00934
4.94935
-4.46935
6.58413
-9.79808
2.08163
3.25391
-10.6711
-3.9226
-4.77851
7.83383
3.491
1.15508
-2.19811
-12.6216
-2.91087
0.705941
6.44851
13.5396
4.99173
3.04222
-9.94592
-2.84251
-18.6676
-0.31793
6.73787
8.44028
6.58298
3.96698
4.8594
1.12767
-9.7465
0.385107
2.43437
-2.98688
-7.29024
-0.0826737
3.1209
-4.13232
3.53892
0.0897564
3.41256
8.17518
-3.59654
4.44138
-1.7707
-3.32334
4.43751
-9.10658
-6.6937
5.50321
0.422918
13.7114
3.88715
6.62924
-1.41816
3.68703
1.19819
-14.7289
-7.50706
-5.14749
-6.61782
-10.7575
-6.26951
1.82059
1.74225
2.9506
10.2272
-5.32127
4.73452
-4.52778
5.45557
6.9383
-4.07307
-4.20091
-4.59999
-6.59982
-5.1288
1.38011
-9.92798
5.13125
-3.51889
0.424452
-3.55974
0.977382
-4.01395
3.8264
-7.34697
-7.67676
1.25821
-3.00403
-3.33858
-16.1419
3.74848
5.741
3.54864
-0.337083
-2.50688
4.30099
-9.17325
-4.86861
9.93898
-1.41399
-9.79685
9.99295
2.82892
-3.07882
0.901531
12.0477
4.98892
5.00965
3.36328
-0.474225
2.99132
-4.09049
6.34501
0.383401
13.3529
-9.0907
-1.65399
-4.9957
4.18626
5.53287
-14.2639
-10.1409
-9.79282
12.489
6.02769
5.02499
12.1938
28.5851
7.23077
-3.23982
9.45621
0.962751
-0.826965
3.24367
3.02945
8.06891
8.18751
10.8944
8.72756
6.46686
-3.73684
7.60738
2.49938
13.0875
-1.13905
13.3923
14.252
10.4674
1.92397
-2.22313
2.51648
14.5783
-2.21601
2.47048
9.47095
5.48487
19.4734
6.86385
12.8825
5.75362
4.61675
9.46212
9.63515
4.85907
9.77773
-0.756105
8.36787
13.561
5.09111
10.411
10.8794
10.3526
15.8412
19.5852
10.6668
9.35479
6.68767
15.9002
9.78636
5.35743
0.0447603
18.9193
-1.17666
15.7909
11.8093
6.45569
9.43385
16.8159
-5.0645
-5.68881
1.72223
5.40159
17.472
21.54
8.30537
4.65215
0.941929
13.4209
10.0643
9.8424
7.20505
23.8561
12.7566
3.52919
16.585
12.2989
4.32569
7.74455
4.10215
-1.58973
7.08547
2.05408
17.8472
10.3775
9.32979
8.15385
8.49586
15.0976
1.52343
13.5226
7.96851
9.28113
-11.9151
3.74682
14.1413
12.1701
-3.26729
18.3398
-3.59068
4.63615
6.96233
16.4799
4.9482
8.65928
6.25344
5.66132
-8.83257
11.9951
6.73782
7.87401
5.13195
8.37121
3.54846
7.65838
7.66135
8.55026
9.08668
13.306
-2.0397
8.3346
4.75129
-7.85183
-0.0986671
10.6268
0.136813
10.5906
1.84414
-5.4991
10.1462
-3.26249
3.79433
10.0805
14.6844
11.6379
19.3705
3.74923
10.3388
-1.56324
10.2888
15.1071
4.08992
7.36272
-1.59692
7.03624
-11.4313
10.9383
-10.9304
0.398254
-0.697797
16.2525
21.1224
7.36329
6.32987
6.3874
12.5228
11.8333
11.0548
16.3493
13.7455
-4.00144
6.64176
20.0025
11.0633
10.2965
3.58586
4.09378
9.26914
9.50854
8.66304
1.66534
1.22528
1.63783
9.80356
16.9773
23.0495
12.0741
4.34376
4.52295
2.78704
9.18157
14.5577
-0.490615
12.8594
11.9648
10.9765
5.27191
-1.80623
-10.6559
11.7725
7.53791
5.01975
16.1704
8.17723
-1.82717
1.51115
8.21943
7.05855
-1.741
5.20397
-0.910404
-8.61329
3.54443
1.94496
2.50243
4.40656
20.2675
7.87124
17.3174
9.70343
12.5573
7.31116
-0.183923
19.0427
9.10083
8.48892
22.4023
-3.07763
5.59541
-6.98854
4.01688
-7.24527
5.75031
0.647952
3.07153
1.12803
21.1622
10.9474
18.3308
8.70392
15.4706
17.1316
11.0076
4.25882
7.79237
6.87253
8.49407
7.04869
13.7584
-0.51321
11.4961
21.1036
16.1356
8.33387
-2.62582
7.42178
15.7473
1.86427
10.2249
4.84324
2.12616
1.88069
3.62376
1.88276
0.738073
-2.18559
15.2656
5.67788
20.8368
-30.5303
-0.913613
3.80503
-14.6558
-10.3221
5.99606
6.15887
-27.1835
-22.6356
5.81319
-27.2014
-3.46754
-3.55527
-5.4118
17.5563
12.7603
-11.7233
9.75642
6.15661
-23.6243
3.42579
5.20331
-1.16795
8.76849
6.93959
-10.6682
-0.883229
13.045
14.5505
-6.80505
-2.66963
-35.7098
21.1305
-16.2036
16.0163
-2.46698
3.1215
-9.97374
1.02853
-2.13697
-15.0048
8.49603
-25.2199
1.82349
-7.20199
-21.3531
-19.9987
-11.8115
-3.94248
-4.4298
7.31193
-16.6539
-3.42759
17.4283
-10.549
2.79589
13.6098
-1.65461
-9.28402
10.2913
-24.79
5.72524
-1.38116
-11.1573
-3.28078
-20.69
3.73281
8.18817
-2.18745
-4.28941
-20.7359
-0.785237
-4.35102
-6.84519
4.17441
8.48562
-6.00657
3.94016
-1.43708
-19.6197
4.17401
0.0297126
0.378209
15.5155
0.7108
-16.3502
-10.3901
0.874206
-4.22275
-14.5561
-16.5002
2.14438
-21.193
-5.76198
-4.02345
7.24818
-6.43209
1.23939
12.5905
-10.4639
-11.0322
-16.2152
-1.16343
-22.441
-15.2198
-11.964
-23.2766
8.81631
-0.541224
-7.83221
-10.4918
-12.0337
-17.4503
-24.0149
-9.77839
-6.98315
7.64085
4.43585
1.9005
-16.0234
2.98339
-16.6525
-16.2622
-1.26927
-10.9908
-4.21724
9.61929
18.048
-22.4722
3.3995
0.1869
-11.3139
0.920646
-1.3974
-0.741957
0.701239
9.69386
-15.7199
0.717108
9.20118
-21.7296
-14.8183
-8.91137
-4.06552
-5.93688
3.52387
-5.21438
-5.92206
0.149328
11.0762
-12.0593
-13.5851
-5.89916
-6.37082
-6.0752
-7.17113
-9.85553
-3.64573
-8.81383
-30.3094
-28.3401
-1.64637
-27.7653
-22.0202
-35.073
-5.73175
0.994006
-6.65081
-3.8796
-18.6174
-17.1562
6.78472
12.8826
19.5928
14.8646
-17.4951
6.13245
2.9517
-22.2795
13.3342
-15.1051
-7.90173
5.82269
-27.4868
10.7905
-4.7512
-11.6588
7.85965
1.92178
3.24186
2.09644
0.0520585
-1.46388
-6.38987
-6.28743
-5.37794
-0.479418
-9.79689
-0.0993787
-14.6141
-2.78289
-7.02633
3.9618
-2.45412
0.237857
-8.22858
-4.90423
1.78377
-15.6061
0.151509
10.4321
3.50352
19.1862
4.77235
-4.3245
3.69734
-1.19443
-19.3519
8.29201
2.99139
-2.69368
14.9122
9.76157
-11.8044
-3.07761
-25.9348
-1.09359
21.7344
-5.74048
26.8244
12.0782
6.70343
-12.9232
-1.69644
-10.1597
4.20583
-6.62427
2.80022
-0.0373314
-4.62669
-0.0944873
-0.671206
-23.1271
-17.0906
8.20815
-3.48832
2.77074
-0.00393725
0.428772
-1.43661
2.50679
-5.52941
6.64775
13.8036
-12.5728
-6.92936
3.9314
-19.8957
1.93137
5.55713
-20.0844
11.6161
0.434217
-16.2679
-17.8163
-8.96429
-0.851464
4.57098
-29.9642
14.2537
2.76545
4.87602
7.38851
-0.401459
-7.64966
13.3357
11.0929
12.5751
-7.0228
-3.4439
11.9137
0.625899
-2.50746
-8.71113
8.18814
10.0574
-6.76117
-9.22094
12.8738
7.10775
-0.48363
6.65566
5.96789
9.47117
3.08901
-6.80549
17.829
-0.502036
6.56657
-4.15084
4.63612
10.8728
-15.4794
6.98361
12.8923
7.05643
-4.46632
2.60452
-0.411991
7.78157
3.91928
-12.1855
0.80974
-5.55933
1.99237
11.0573
-4.723
14.1286
4.04968
12.0206
-9.6916
12.668
7.43974
-8.11257
10.1086
17.2839
9.89217
11.5321
1.13241
-15.4549
8.06364
18.3671
11.9596
2.11162
-2.93427
7.97981
-7.9752
14.5877
-7.61597
-2.34069
-1.58566
3.15875
7.63072
-1.63782
4.97348
1.61921
0.294933
9.13624
7.84929
8.75347
-3.02966
9.08994
8.30553
-8.2023
11.5098
-0.664677
3.91125
-2.66738
13.1709
1.33047
1.64467
4.72421
12.776
-2.06925
17.0779
8.06666
5.28524
-0.571217
9.26371
9.97206
1.67382
6.87414
11.3666
-5.67495
-0.0698599
-2.29927
-3.11504
12.1748
-2.26276
-14.5156
12.7034
11.0775
-4.49899
-10.5037
-2.37719
-3.73109
-12.3114
-2.86943
-6.22946
1.44724
12.3371
3.72015
-4.79931
4.37386
13.2438
5.94551
20.7315
-28.3503
0.1412
9.98344
-3.00839
16.9411
-10.5164
4.38266
-14.3797
6.23604
6.17214
-1.41118
3.71655
2.52396
13.3504
1.29683
7.52397
-7.58609
24.8657
2.21021
-5.61931
-5.58347
1.35479
-7.62465
6.06951
7.32314
-1.77681
-9.08309
-8.10711
9.19974
2.98468
16.5414
22.0156
8.10784
3.35918
-6.57048
-6.37684
9.18882
3.28425
13.0745
9.6934
4.54165
6.93231
3.59447
-7.23642
23.5241
7.72262
-2.93588
-3.9415
15.46
-0.00163803
-3.29771
3.50464
-7.21614
1.24615
6.7782
-10.9103
1.54551
2.02546
10.6083
8.38536
-1.2746
4.30096
0.238682
8.91891
8.08126
4.18067
11.6429
7.59076
20.5254
-4.34669
-3.05523
-5.07819
5.76752
-1.00898
-7.8998
4.73005
-5.15581
10.0027
7.34836
12.3658
7.91033
-1.27044
-4.79784
-0.0970733
9.07188
-5.49239
-5.43387
2.17643
-3.67258
-4.35992
-4.28135
-21.2322
-8.61378
-1.25005
14.9608
-1.4609
-2.23939
-3.30541
16.2234
0.715593
-12.5008
-1.03391
17.2662
-0.489539
-10.7817
1.35538
16.2867
3.89921
-2.53068
8.92785
0.590269
-15.5216
-16.2188
12.8525
-5.71583
-8.91722
15.3703
-0.45074
10.8201
-12.0543
4.67534
6.09217
-6.29446
-4.01918
6.816
-0.323779
-5.58824
4.84851
5.1788
7.13551
-16.4709
-10.4947
-3.31263
-2.06318
10.7232
-12.8393
10.3873
6.32241
11.6821
6.85107
2.48244
7.82393
41.2114
12.2377
-7.97675
-2.87005
13.2313
-1.48871
11.2027
8.83286
4.65635
5.04856
-2.25471
14.1325
7.93165
4.07876
9.79308
9.65763
11.0083
-5.63632
18.1367
17.2022
18.4119
4.44731
-6.31321
4.0678
13.81
0.105578
3.81132
22.7357
9.38454
19.6263
5.53077
6.94467
11.9406
-1.87849
13.5078
14.2776
8.60991
11.0403
0.500022
12.2058
18.3133
5.75481
11.2985
16.4473
18.454
17.7572
11.1549
3.80963
8.20172
1.07858
3.18291
14.7372
4.99368
9.36327
11.5768
-4.91613
9.43218
14.022
-4.12599
8.91237
11.6143
-11.0809
6.29051
0.454416
15.8552
6.07631
20.1889
4.06226
11.4134
-0.885174
16.7648
10.2154
5.83548
10.3557
20.3655
4.51508
4.36697
15.7788
13.0771
19.8738
6.79729
5.91463
14.3674
1.58532
-5.28136
5.67219
17.5462
10.9336
15.4708
3.5773
17.0658
7.56379
11.0667
3.19834
2.41784
-30.315
3.63798
16.4754
10.1466
-6.2502
10.6489
-0.563015
7.4072
8.41428
16.2806
4.29215
13.3917
13.9085
11.4063
-11.8534
11.9246
5.45522
14.3131
9.55369
10.1555
9.78173
10.5153
5.94321
13.5324
15.5147
15.8329
3.75925
4.59665
11.8627
-6.45112
-1.32194
8.64437
-6.75209
5.66484
-1.64958
-4.25357
14.7615
-9.05724
14.0291
11.555
9.18178
6.0922
19.1943
10.7444
14.1503
-4.11709
12.5544
22.8042
7.6922
4.42246
-1.49149
13.5913
-7.9522
-1.7318
-1.46439
8.00245
-6.01972
16.1325
18.1113
10.8547
6.13649
1.44941
1.556
15.1455
10.4655
17.207
-3.93931
-8.55239
2.98177
11.9136
16.5718
19.4783
-2.8089
-9.54924
16.4042
6.75489
5.11566
1.73722
6.96269
10.681
10.0918
0.892119
25.1224
-4.80434
10.3918
-5.26503
-6.7913
16.7957
18.5296
1.83812
6.22571
13.467
-0.960422
1.40911
1.43799
-1.97086
4.51561
2.4656
12.55
16.8184
14.3133
3.4006
-0.357665
-7.60153
11.5085
-9.01077
11.5141
0.0173456
3.82174
7.37443
11.6925
-1.89082
14.3526
7.80508
5.89241
7.02179
3.43751
2.082
9.41805
-2.97386
12.9216
10.1745
19.5249
13.0133
-0.41084
3.74356
-5.33863
5.8096
-14.224
1.45264
-4.12921
-12.0276
8.55452
22.4524
-3.70432
22.0859
7.89237
27.3271
8.81643
2.42416
14.8482
14.8573
14.5046
1.57254
3.42943
7.43237
9.40368
-0.816615
21.7045
1.79785
21.3202
16.8862
19.0911
25.277
5.36796
4.57589
-1.67133
-4.8543
8.92388
2.85032
6.24323
10.8806
-0.689463
5.82845
5.33677
14.8529
-66.6426
1.89028
-1.75661
-10.4822
4.09898
-0.291354
2.99532
-28.7154
-14.2153
10.7592
-21.8992
-5.40983
-2.6467
0.568736
8.79827
15.7093
-6.66577
10.7914
5.39522
-17.7435
7.81241
-1.80566
-7.67389
4.91752
-12.5504
-8.0892
4.01435
12.8911
4.42362
-5.96338
-1.84862
-32.2819
3.36627
-9.29364
9.49936
-2.98456
15.0809
-9.65726
-11.8144
1.00367
-21.9154
7.1289
-36.2043
10.0795
4.94188
-15.9068
-17.422
-12.9414
-7.7037
-6.47727
8.8368
-7.37984
-1.35553
16.9606
-11.701
-6.80583
13.1849
-11.695
-1.88222
12.9395
-16.3399
1.87927
-3.1012
-11.358
3.8096
-22.1634
6.87725
-1.29618
-14.8784
-2.46198
-10.4322
4.19088
-11.5482
-8.70386
5.24587
4.64946
-0.488404
14.6368
-7.87174
-10.9481
-5.6988
2.1955
-2.84497
17.9918
-4.10586
-19.7169
-9.39433
-4.50651
-5.84406
-12.0567
-15.3893
-8.11663
-18.3968
1.04627
-15.1879
16.1435
-1.49965
24.5803
7.58974
-13.1581
-5.48798
-16.1597
10.6297
-22.6134
-12.1253
-11.8794
-18.3435
12.4789
4.09011
-10.8282
-4.39794
-12.8192
-20.4388
-20.3799
-5.07536
-0.836807
6.21031
-3.3286
0.955282
-18.7561
-0.607666
-13.3593
-11.5907
2.87074
-16.4844
-5.81483
15.1373
12.8173
-16.0778
9.20098
-1.61965
-9.44275
2.79039
1.26465
2.37782
3.88282
4.56822
-8.81704
4.29464
5.22897
-16.4886
-6.853
2.99611
-5.01623
-9.54008
5.3497
-2.63228
0.125127
-4.3674
4.56039
-6.44081
-7.55165
-9.73822
-8.94264
-10.8647
-8.98733
-8.34501
2.68301
3.792
-28.2067
-15.2719
0.959905
-22.1962
-13.2532
-26.3155
-2.39812
-1.59423
0.907727
-11.2362
-19.3943
-12.5595
5.34665
5.4904
15.3182
11.4513
-14.4404
4.23512
7.9856
-10.8061
13.9466
-18.1958
-5.44996
8.11952
-13.2958
6.12141
12.66
-9.49032
-0.645469
-0.162105
-0.894768
-4.29912
-11.3807
3.8197
-4.73824
-11.601
-0.338201
3.33622
-18.0765
-3.37378
-13.0899
3.28615
-4.90097
7.21936
-3.71604
6.68351
-2.52273
1.3953
-0.837654
-28.3456
-4.91783
2.46286
-3.72734
6.24724
1.07597
-0.621816
-1.09592
4.90743
-16.3281
12.8522
-3.19395
10.1432
10.4728
6.24611
-10.2796
1.80837
-2.08703
-1.18243
10.0228
-13.4211
18.4937
5.12105
2.95563
-4.22388
3.40086
-7.05607
9.38946
-9.98119
8.26175
-1.49546
-4.99557
-1.72319
-3.58446
-18.0248
-17.6643
6.19228
-0.549803
-3.77418
0.751412
-0.217824
-19.3209
-6.83291
-0.00872119
9.51679
16.8878
-8.16842
-5.03402
1.00989
-17.2206
1.35129
2.27943
-12.9216
4.46008
-2.64866
-11.6754
-15.5549
-4.36687
-2.2657
7.436
-33.4203
13.8868
-3.40032
0.951355
6.88727
1.02128
-1.29466
8.27791
2.28497
6.33943
-4.48567
-6.49739
12.9195
-1.45797
2.31084
-7.01418
6.69233
7.04102
3.45516
-3.81384
15.6996
5.26796
-10.9475
2.30225
7.79008
9.14469
-1.11476
-7.23292
11.4549
-1.20118
8.87987
-5.14961
2.4521
6.96759
-13.2638
10.0211
5.62628
3.8006
-4.32111
4.99245
1.69605
5.01426
6.71023
-21.0379
5.29972
-11.6882
-4.25065
7.09578
-5.67893
9.31527
1.40355
6.59344
-4.39187
7.39109
8.58685
-6.9975
12.5453
13.0504
12.9097
7.71804
4.80341
-17.2106
3.25153
11.7744
15.0848
-3.91362
-2.54868
3.33643
-10.9368
11.6655
-8.07409
-4.7366
-8.11726
0.447858
5.83341
0.0608854
7.12679
2.16099
1.78668
1.01869
-0.69681
8.32653
0.714105
-6.52986
10.7588
-15.1783
10.9505
-3.97461
-7.19314
3.09633
2.09045
-9.51489
5.72878
4.22233
8.67146
-5.43331
12.8456
2.36583
2.94511
8.51611
8.0622
2.60551
-3.2922
7.669
3.56621
-3.29771
-2.01738
-3.34314
0.7488
4.74099
-6.33388
-12.3011
4.73607
11.3236
1.28248
-13.5463
-7.36763
-11.1635
-15.5186
7.24361
-3.33382
1.15841
5.77528
0.428743
-6.95069
5.91829
5.03395
-1.68304
10.6633
-25.555
2.08479
8.09002
2.26719
15.8519
-1.7568
5.9948
-5.65626
7.1597
5.14799
1.70331
8.45773
2.94468
7.47585
-8.1492
9.90412
-3.09851
22.6045
-2.98877
-16.0143
-8.52393
-2.17
4.083
-3.33824
3.99355
3.59606
-10.661
-15.6886
5.22536
2.34147
11.9112
11.2263
7.36885
-7.34615
-12.2853
-23.3397
-1.36618
2.43478
8.52496
8.02007
2.85455
6.685
-5.49774
-3.18444
10.614
8.01187
-2.94318
6.30578
8.68968
1.64307
-7.84729
2.69358
-9.36294
4.81659
11.5556
-11.6633
4.52254
-1.45256
10.5493
8.82619
-3.54598
0.268384
3.54461
-1.82203
17.553
7.82522
8.85342
6.57508
19.5616
8.63794
-6.77096
-1.77025
-2.77974
-5.75303
-10.5654
-5.69961
2.30771
12.7483
1.62758
14.8435
7.93896
0.657206
-2.84431
2.23946
13.3077
-4.30534
-7.08237
-0.921727
-7.99303
5.63642
-2.00609
-5.38112
-1.23582
-9.40006
13.2508
3.79248
-6.44105
-4.97138
9.06202
-3.69504
-6.64471
1.85034
1.16346
-2.65023
-15.0286
9.58178
9.19587
8.0562
0.591339
0.552882
-1.69021
-15.0423
-12.0731
11.1188
-8.71208
-14.7225
13.319
1.7903
9.67587
-5.32687
11.4557
3.82526
-4.53205
-2.66111
1.26811
-4.30724
-8.59767
-1.96749
3.22891
11.0041
-7.13612
-10.117
1.51475
4.18059
11.5939
-16.1507
-0.370763
-3.8885
11.3068
8.37554
0.407182
11.9647
39.7171
9.35398
4.1654
0.512248
10.3153
7.37684
14.6795
5.62821
6.20986
3.42291
3.34297
11.0113
11.861
2.3344
6.57934
8.29103
14.4775
-2.11586
15.6102
19.8003
16.4416
1.30363
-2.47805
1.38392
12.6232
-5.62294
1.52305
14.2661
8.24499
15.1698
6.29056
8.84999
5.99695
-0.0739936
15.8309
9.94917
8.54676
17.2715
-3.60907
10.9193
8.68458
11.6603
9.42896
11.6972
21.0071
21.0534
15.7034
3.00452
9.83476
3.18621
7.15237
9.11788
6.99731
11.9465
10.8806
-5.46617
15.4413
21.9819
-3.62921
11.6149
8.1889
-6.84045
2.05717
2.17351
12.5521
7.61043
16.1138
2.69332
10.0786
5.3667
20.0781
10.0272
11.1143
9.21194
26.7888
8.06702
7.52282
15.1805
14.6791
17.3094
11.7325
7.32226
10.7833
-1.2175
6.30781
3.13847
14.0968
7.75552
18.8418
10.9618
15.2023
8.22862
15.7474
2.2314
5.63287
-23.3084
3.29759
18.7391
14.2767
-2.69184
13.2867
-2.31368
10.1265
13.702
15.5701
6.02678
16.8403
10.5803
9.67347
-4.08799
15.3538
5.23298
11.219
9.30867
10.0085
6.91569
15.4115
8.73144
10.4023
22.0503
12.9087
0.417002
9.84235
15.7099
-4.72688
0.765863
7.64551
-11.7705
5.58352
1.09485
-9.99758
8.95731
-0.0329391
19.9773
15.5613
11.2935
18.6124
22.9775
5.24321
16.4612
-2.85948
14.1551
15.835
16.2879
12.3477
2.21933
15.6767
-7.3311
-0.09743
5.44201
2.04311
-4.70638
15.8149
17.8255
11.2949
2.39235
8.53298
5.73278
16.8831
11.1613
15.869
3.3196
-8.34014
6.02021
11.8313
16.2035
15.8547
-3.42506
-7.85386
24.3647
14.4885
7.69363
5.88705
10.0797
12.9032
13.7285
7.77361
26.5322
-4.14129
8.19036
1.2812
-8.16519
15.0654
15.4887
1.27934
11.8571
10.2615
4.2335
1.93116
-0.601293
-4.42548
9.11717
8.42917
13.0792
9.99618
12.6224
3.97036
-3.72544
2.42559
10.675
-11.2446
13.5511
4.83686
1.38432
4.52404
13.4953
3.33327
10.9993
13.4866
10.8904
7.89875
3.91047
4.60816
10.4124
0.923279
15.8631
10.3441
13.4995
14.9262
5.2667
3.79514
-6.54213
9.78734
-8.54551
0.437992
-7.78026
-12.8816
8.30233
25.4191
-2.08203
20.5527
10.6988
26.1971
13.4437
8.54543
8.05602
13.3226
13.612
5.24494
6.86518
8.45748
8.14973
1.43471
23.9791
8.77286
19.3595
0.658766
12.026
23.0934
7.61446
6.68943
3.76103
1.60061
9.33205
0.235184
2.1613
3.28215
3.25862
9.50945
3.52636
18.798
-56.746
-2.73783
-1.74426
-4.86799
-0.640245
3.22789
-2.60015
-26.248
-14.1915
5.81934
-17.082
-1.6916
5.72282
-4.9165
16.687
17.6893
-4.12591
8.32725
8.96484
-15.9184
2.18102
1.33898
1.01112
2.29919
-8.22022
-3.77429
-4.22398
14.824
12.6844
-6.14591
-9.78116
-29.7023
8.73599
-11.7027
5.56757
1.71193
17.1349
-16.2833
-2.26157
1.32932
-19.6663
-6.66976
-27.8592
3.75042
3.33448
-15.2917
-21.0161
-7.96083
-5.66163
-2.10849
7.30796
-14.2164
0.270716
19.3969
-14.1899
-3.33157
17.3808
-6.10977
-10.2065
4.03372
-13.3325
-3.2478
-3.20217
-5.86337
-4.47823
-25.9708
11.6122
7.25185
-4.40142
-1.35116
-26.479
2.25383
-5.97279
-4.72507
10.0871
2.52244
-4.64566
5.80422
-7.63837
-9.38598
0.376678
3.31751
-4.15979
19.5964
-1.8263
-20.6799
-6.06966
-2.43162
-5.69846
-11.3774
-16.4473
-4.36585
-16.5929
-4.98136
-9.20952
8.93845
-8.07057
2.18572
-0.733382
-12.0717
-4.40525
-14.8245
-7.02778
-26.6379
-3.80434
-15.2515
-15.7651
4.62382
-1.655
-16.2575
-12.0383
-7.28904
-17.9473
-23.1652
-12.2702
-2.28912
2.28821
-1.3373
-11.4789
-17.0535
1.98958
-21.0032
-8.7928
1.45885
-8.52369
-0.93545
11.7936
12.7484
-9.11084
0.637834
-9.72462
-8.21692
-1.63779
2.32261
2.13509
6.98804
10.8958
-0.186473
1.54888
9.8467
-21.6879
-10.4956
-13.0602
-6.51654
0.673815
3.38582
-3.2379
-1.49147
-8.59298
2.00879
-2.83074
-10.5868
-9.68987
-15.427
0.0795165
-3.72716
-3.31863
0.517334
-8.02238
-22.6649
-17.5694
-1.15035
-16.2305
-9.00189
-34.7624
-2.53862
-3.22679
-2.46397
-8.77359
-18.9316
-9.11665
4.84288
10.0501
12.3877
2.11265
-18.4661
7.00278
8.07711
-26.2186
-2.58767
-12.1001
-6.98059
1.25698
-18.119
3.5145
12.5541
-4.41369
-6.13403
-0.155722
-6.16898
2.95735
-3.63012
-2.40114
-8.56922
-8.48548
-2.00996
1.99386
-16.8821
-5.2465
-16.6131
-0.492976
-4.24602
3.34586
0.949276
4.92898
-10.8515
-2.07793
6.69724
-21.9554
-2.30746
10.2351
1.52771
9.04863
-0.579291
-3.46328
2.87381
2.4509
-13.1382
9.53221
-4.91755
3.43523
3.82909
9.46548
-10.2783
1.57358
-9.75744
-5.88448
9.58747
-9.11276
14.5651
8.12898
4.95377
-2.99364
-2.7226
-9.10994
4.14563
-7.9705
3.45535
-2.0203
-6.53162
2.27726
1.81425
-8.30565
-20.2098
3.87577
-4.87145
-1.49337
-2.04494
-3.47352
-4.01007
0.0909692
-3.88663
3.99852
13.3244
-8.42987
-4.32775
4.4051
-17.2388
3.556
6.621
-13.4062
2.35529
2.7035
-26.2979
-20.6622
-9.09276
1.09689
2.81269
-35.5852
13.1582
-5.28273
2.21312
10.4974
1.28997
0.299904
9.6932
8.45924
7.08565
-7.53365
-5.6842
6.80375
2.1347
1.66318
-19.2083
1.91386
4.82882
1.53773
-5.9743
8.55791
5.12231
-8.12198
2.36626
3.20586
4.66321
-2.78526
-7.4418
18.5015
-0.919638
4.42323
-4.19682
3.93822
11.1823
-12.645
9.77724
0.285464
11.7863
-4.2062
7.3191
1.10711
10.7061
2.10989
-14.7747
4.04809
-14.6486
-8.7083
5.42814
-4.80473
10.0438
-0.237449
7.40818
-4.24333
5.88983
3.21254
-5.6333
3.57924
14.9424
5.33944
2.76605
-3.88254
-13.3617
4.81634
5.80967
12.394
-2.7218
-0.103728
0.961379
-10.6801
9.58505
-6.88782
-10.7953
-3.10646
4.49256
6.66079
1.99431
7.81665
-0.392431
-3.54883
-0.189173
2.504
9.20954
-1.30978
-6.77265
11.4561
-3.69389
11.2475
-3.23571
-0.0420176
3.7752
3.6987
-0.628312
-2.07253
3.13815
14.631
-0.5217
20.3516
16.6469
-0.541971
-5.38872
10.9785
4.96553
1.07906
7.65979
0.443024
-3.16962
-2.5255
-0.929282
-4.43407
7.2981
-9.83044
-7.96035
5.106
9.9698
1.67358
-21.4708
-9.08238
-1.70031
-6.25251
-0.0217105
-7.23664
-1.89266
9.64678
6.76435
-1.8999
-2.55774
13.883
-1.44761
14.3257
-25.5032
1.67572
4.51054
0.508072
17.8329
-1.47963
9.92174
-6.11631
5.2997
7.21503
-3.6896
5.17686
4.47079
7.48956
-10.3934
5.98969
-6.39474
17.7652
4.06825
-8.88261
-9.58436
1.3615
3.45908
5.45056
5.21635
-6.48566
-13.4244
-10.1992
3.37285
3.72029
15.1946
8.9669
9.80024
-8.02414
-1.98127
-18.6266
7.67661
3.60204
8.95034
8.07136
0.697492
7.62161
1.02515
-8.91041
9.31794
7.74788
-5.83286
-6.60916
11.2273
1.24327
-3.18347
5.73065
-0.477486
4.89711
10.4198
-5.00514
6.45998
-1.64424
9.6565
7.4743
-8.4587
-0.263151
2.64804
4.1291
15.0187
6.14304
8.65337
5.97512
11.8379
-2.48185
-9.23103
-3.64392
-5.0716
-6.20908
-11.2347
-5.42882
3.58959
5.938
5.32496
12.5496
1.78872
2.13377
-5.99316
2.17742
6.85498
-6.18521
-6.86251
-0.123096
-7.94385
-1.38052
-1.20904
-11.2954
-1.58888
-4.43421
12.4363
0.765673
-2.6928
-6.88826
6.91963
-4.47691
-9.23238
1.44401
3.43486
-5.01648
-19.7489
5.85171
11.0239
3.17126
0.811171
1.26746
-0.785119
-14.0087
-16.8697
13.9785
-6.49219
-13.3673
15.0696
-1.90144
5.4119
-4.39596
9.71723
6.12594
1.25021
-0.476651
7.23032
3.48525
-7.80741
2.838
0.806758
13.0383
-7.05514
-6.69069
-1.25004
0.708551
10.1381
-18.3653
-2.83474
-0.212301
9.79122
5.36644
-0.168525
12.8647
41.0367
8.47953
-8.5668
5.67306
4.69972
-2.37966
8.82797
3.72836
6.52178
6.82563
8.81741
11.7533
12.1356
-5.11931
7.28074
7.31816
14.1484
-6.755
15.6469
18.9902
14.2776
2.32974
-8.75748
1.57521
14.724
-2.9583
2.0411
12.7259
11.5828
16.4696
7.73787
7.90962
4.71285
3.14349
11.7874
10.9333
5.60835
12.5952
-3.83914
9.73407
9.35302
4.81702
9.54246
12.4207
16.8612
20.4001
19.8003
7.87397
7.65514
4.22077
12.8074
12.7181
4.32624
7.0732
18.6386
-5.47278
16.1439
17.307
-1.34198
10.8673
14.6123
-8.66774
-2.26862
1.8291
7.94809
16.5583
23.8505
5.07181
8.07708
-1.53254
16.0264
10.2527
9.31725
4.75232
22.5657
11.6705
6.61705
15.9306
19.3717
12.841
5.76686
1.98077
6.5679
-0.782886
-3.38651
14.1962
15.1672
7.82461
15.2367
10.6891
15.0131
3.33457
16.2358
6.37593
3.09374
-27.4548
2.97745
16.0879
15.0106
-3.60961
13.6606
-6.91744
5.92673
6.17548
13.0501
5.75387
16.6631
5.578
9.90925
-9.3962
12.6887
7.84284
11.4782
8.71604
6.99388
6.51068
8.95934
8.92859
13.0887
18.9011
19.1127
-2.90075
5.61933
10.8116
-13.6937
2.00909
7.68808
-7.7517
8.78195
0.784522
-9.60236
10.1202
-6.39005
9.78199
16.0422
12.5726
15.9872
22.9179
3.95546
11.2028
-5.90758
13.3576
16.0259
8.18393
10.086
-3.19662
12.5362
-13.2619
7.79637
-6.57263
0.651006
-2.60625
16.0499
24.9034
10.3834
4.60449
5.23533
8.67313
15.3937
12.876
18.8004
7.83678
-7.96533
6.29393
17.1683
15.6552
18.2319
-0.571917
-6.17647
16.5536
10.7513
8.6404
5.87676
3.45716
4.49872
9.353
9.97983
30.3775
-2.58347
8.48526
2.32822
-3.47337
20.1144
16.5622
1.85736
9.2952
13.8484
6.67453
-2.05375
-1.34272
-9.76366
10.7039
4.74468
9.49379
18.1382
11.1066
-0.70369
-2.15745
2.10366
9.58217
-7.53499
10.1355
0.496066
-0.0145854
6.26145
7.33928
-0.0603133
7.62007
17.1664
9.5935
12.9256
2.93806
8.58066
5.75224
-3.97111
17.7563
8.23885
13.9294
22.4979
-3.11149
3.40469
-10.6021
6.83346
-18.6955
1.77675
-1.7624
-6.98833
3.25527
25.9604
7.42305
18.7226
9.96096
26.3865
19.0297
8.16282
4.54819
11.4415
10.6747
1.61836
6.98655
10.4606
4.2224
5.88151
23.7966
14.4574
16.6605
9.62472
15.4505
25.0258
3.94825
5.18937
-0.157888
1.20393
3.62798
1.6708
-0.393184
4.00865
-0.123111
15.4376
1.60785
20.843
-50.7166
-1.58336
-1.55271
0.00197226
-2.67986
-5.29302
0.37001
-14.297
-16.1023
1.92271
-11.5439
5.29717
-2.84714
-12.4393
5.69039
4.5238
-10.2874
0.685482
-2.82457
-4.93757
-0.966812
6.58835
-2.93415
-6.66449
-12.4568
-6.55668
-9.722
2.72332
10.1161
-5.53606
-17.8621
-19.2891
5.06558
-2.51686
-6.1629
-2.87744
4.57455
-18.1334
-3.37554
1.39328
-20.4249
-21.8789
-17.121
0.273544
-0.168105
-15.7788
-10.557
-1.24585
-0.14975
1.03488
7.23057
-13.1255
-2.41124
7.23298
-13.3107
-0.79658
5.75952
13.1544
-5.08695
-1.76559
1.31686
2.66775
-4.59214
-5.88419
-5.78428
-20.2574
-6.17591
2.1845
-7.76981
-2.77115
-13.8557
-8.88549
-6.63602
-18.5293
9.97873
4.6736
2.94213
-0.269811
2.76685
-9.13253
-1.08379
4.20416
-2.3021
15.507
-5.45999
-11.1212
1.27013
0.18981
-4.79554
-11.3041
-11.7073
-2.02619
-8.01603
-4.11314
-10.2295
-2.31944
-12.915
-8.71173
-11.2278
-29.132
-3.97427
2.25988
-18.9078
-14.2186
-6.69052
-14.2205
-17.6512
-1.13915
-3.46946
-6.9815
-4.50701
-1.70861
-4.92871
-10.8777
-13.8935
-4.42718
-9.47145
-7.18371
-2.72083
-4.18845
1.61628
-7.60681
-2.56179
1.94857
5.35661
0.328424
-2.99553
0.98914
-3.1134
-7.13688
-16.3191
-2.64219
-10.6886
-13.9008
-2.44533
1.28464
-1.60693
-10.1045
10.9465
8.03049
-19.3872
-2.25754
-14.565
-2.54562
-10.8428
4.523
-3.0506
-7.64908
-7.63426
-4.68232
1.07217
-11.0499
-10.4591
-17.9689
-0.531992
1.54034
-0.988582
6.46718
-6.22664
3.36869
-22.7615
-10.8986
-28.0468
0.906173
-27.9572
4.9655
-9.55956
-3.40913
-11.3401
-12.9063
0.985938
11.5419
4.11312
-0.285799
-7.24191
-9.14984
4.42707
-2.47548
-17.7218
-18.2989
-23.2834
1.3361
-3.39169
-16.8891
2.6535
-1.69905
-3.49691
-11.1773
-9.43914
-0.851287
7.24546
-6.33735
-0.352155
-12.2345
-13.5507
6.4313
7.12133
-18.9918
-0.995985
-7.20008
-0.150066
2.27633
-2.27133
3.36656
0.124454
-13.9128
4.37871
2.90935
-18.5851
-7.11496
-0.82239
-12.5434
0.772687
4.09262
-7.40977
3.81144
0.669817
0.539175
5.82339
-6.48513
-2.42605
-10.2669
-0.169579
-3.66551
-11.5347
-28.0761
-2.82903
5.05396
-7.9506
6.28252
-2.4333
-2.72128
2.93723
-8.59753
-8.1371
1.60918
-6.87631
-3.44201
0.80188
-5.55448
-8.62724
9.46238
-3.77374
-14.7592
5.57555
-2.30074
-8.05679
-1.79297
-5.8427
5.26669
-5.24493
-8.12529
7.58761
10.6901
-4.8856
-6.38039
-4.42375
-21.3353
1.83451
2.99887
-13.8597
0.622117
12.4387
-21.6044
-8.17221
-9.49317
3.44132
-11.075
-17.75
13.9888
-6.21954
2.49748
3.41858
0.47268
3.77248
-4.48518
7.59799
3.43528
-7.6484
3.77789
6.13349
2.08198
-8.90705
-28.7596
4.93911
-5.24413
-4.54142
-5.44732
-2.86971
9.12849
-8.5916
9.01176
-6.13776
1.02368
-2.0277
-6.84549
6.30747
5.95551
2.86716
5.8369
-0.473305
10.9011
-6.8042
-0.364441
-3.49156
8.56993
-8.37472
11.1651
0.335276
-1.05676
-5.43462
-3.44245
5.09836
-10.4732
-12.2887
7.54612
-13.8139
10.117
-1.59306
3.81728
-1.39274
-0.483925
-7.94249
-6.18917
5.02378
2.38017
-5.43522
6.38328
-15.0341
-7.84242
3.42243
-7.27534
9.62238
-4.28553
0.542989
1.16638
-19.0204
-0.0893366
-2.04439
-5.42371
3.00799
12.2155
6.54207
3.33624
8.44602
1.61768
-6.78775
-3.06586
-1.01313
7.57004
-6.68553
-14.129
11.7473
-4.22441
9.24133
3.05691
-3.99972
3.03753
-3.59545
-5.9161
2.53258
1.65418
5.61108
5.34005
11.1244
12.9847
1.77182
-11.3099
-0.815428
2.47654
-8.38085
2.34343
5.1751
0.458916
0.0226197
-1.66543
-2.22158
-5.38209
-2.29372
-12.7109
5.71863
-0.792575
-2.66117
-17.9484
-11.1896
6.53106
-7.68555
-0.33721
-1.17806
0.80797
8.13809
11.8006
-2.75464
-8.22884
16.1691
-5.16901
10.8816
-12.0116
7.28953
7.13665
-2.2298
9.63833
-1.89913
9.0489
-0.442006
4.54873
2.04007
-2.58115
5.86161
-1.46242
6.38099
-3.42672
3.06631
-8.44635
8.42322
5.84953
-8.62024
-5.65759
0.657658
4.16472
3.40496
1.86805
-2.45558
-11.6949
-2.55059
-6.94219
7.05724
10.886
6.9832
1.1156
-3.19493
-2.83973
-22.2414
0.102619
7.45849
10.7627
7.48647
-0.998063
4.77063
5.91481
-8.32911
10.8231
-0.599476
-6.12271
-13.9264
1.08508
1.28056
-1.74847
8.27241
-2.56001
-0.568197
4.05464
-9.25929
4.08868
-0.921134
-6.97779
6.77824
3.56248
-3.38452
7.0615
0.154775
13.2563
5.77291
8.95967
-2.81787
4.22115
-7.10019
-9.84942
-7.14387
-7.36084
-9.41091
-8.09645
-8.52846
7.66673
-7.59243
-0.368374
8.11044
0.969474
9.57845
0.38458
3.88891
2.87912
-4.73244
-7.76071
1.81229
0.0535832
-6.33668
3.42033
-15.3993
-2.16454
4.55441
6.04061
-4.96634
2.50683
-3.26625
5.85557
-8.34509
-4.43096
3.69577
8.83193
-3.68123
-12.5592
3.65518
8.32266
-0.357505
-5.47882
3.70872
4.29929
2.02178
-6.02076
10.7453
-1.95948
-4.74061
8.19904
-3.43402
-4.05061
-0.817558
13.3208
3.06529
3.39999
5.9587
5.07209
1.34986
-5.68363
4.75398
9.47108
13.0434
-7.48437
-3.19616
-9.72763
-4.19642
8.7408
-12.1641
-5.63908
-6.1943
7.38333
3.0822
6.95688
14.6555
31.4633
7.20438
-10.7542
8.18615
-2.65554
-8.80516
11.3427
4.35974
6.85943
8.32811
13.2085
4.44953
4.46495
-9.5735
8.85892
5.30657
16.2344
0.177115
15.2834
14.053
10.0784
-0.673095
2.0065
4.03949
16.1239
1.56099
2.71249
13.0607
5.16503
17.4549
3.9347
17.4622
3.30087
7.44331
11.1694
20.3207
-3.83813
5.58553
0.544905
8.35425
22.6937
2.28794
15.2965
13.2569
14.7493
16.168
19.7966
19.4206
7.99345
7.78932
16.0939
15.3223
6.50697
-5.34646
18.8374
-2.32748
16.1371
11.3379
7.3081
12.509
20.0065
-9.43654
-5.50475
-2.8329
8.18028
21.8505
19.95
11.3015
4.23965
-1.41439
13.2112
11.6629
9.35893
13.8737
19.4241
14.6344
-2.98276
17.8448
14.3654
7.01468
7.92109
6.58645
0.475516
7.35966
-0.627377
18.3413
6.57369
17.9944
5.54895
15.3617
14.3179
1.28229
18.1368
7.82195
11.2921
-17.6172
5.69679
16.5356
14.1547
-3.9858
19.3893
-4.46819
4.2881
9.19199
14.8689
4.00877
4.05075
9.05863
8.79989
-9.62277
12.6941
11.6725
7.88231
3.50686
6.9417
4.15335
5.00595
8.27669
12.6802
10.6521
13.1701
-6.61688
10.8287
5.07928
-9.97105
-6.10451
16.3592
-3.39884
10.7739
0.565248
-0.168857
8.70436
-5.36021
3.46131
8.65803
16.8957
17.1617
18.2648
12.4599
11.2283
-5.07297
12.0891
20.7605
5.4871
9.43924
7.264
3.05249
-17.8572
9.97785
-12.0039
9.05145
-8.26493
15.733
24.1702
8.67913
11.259
4.50273
13.1398
15.6737
10.4499
20.1518
13.3264
-4.90973
4.92896
22.1425
7.71128
16.9844
3.90713
1.1447
2.7219
4.03237
9.85435
-3.09366
-2.5008
1.7252
3.0809
18.2924
22.55
13.305
6.26813
0.5268
-0.00487536
15.5069
14.6175
-1.47771
13.8923
10.1116
5.7676
6.87772
-2.67241
-10.3355
14.4455
3.00684
3.70532
18.1006
10.4931
-1.608
1.07427
1.44599
7.47839
-3.18613
2.66263
-1.86861
-5.93989
5.92766
7.95327
1.75855
3.64525
20.1951
9.12584
14.2979
3.75444
13.8015
8.76847
1.62262
19.2973
11.1376
5.89458
22.5823
-6.75436
4.9498
-3.85076
0.668073
-10.5603
5.38398
1.96907
-6.48281
4.98821
25.9638
11.4717
15.3478
7.68623
19.122
13.6918
1.69862
3.76425
5.61353
10.636
4.84109
7.73644
19.9421
1.18206
9.16489
22.3899
16.6735
9.53646
6.99135
9.37965
12.8963
0.711107
11.08
7.25364
2.84759
9.41795
5.48665
3.84822
2.80614
-3.92799
11.7667
6.05221
15.8656
-34.4319
1.53625
-13.2702
8.11399
-4.87076
-7.70176
-0.561457
-7.77125
-7.08534
0.966971
-12.3016
5.18048
4.62518
-8.04638
7.3274
-0.211944
-7.36893
3.86146
-3.86418
-0.0184168
-4.36028
7.34076
-4.64456
-4.09746
-11.5473
-3.98068
-5.9768
7.9419
8.66876
-3.33687
-10.0665
-13.1039
14.0021
6.00521
-7.39106
8.05349
5.8303
-17.5299
-8.51252
3.68999
-20.2556
-20.4554
-15.7531
-3.81454
-1.8184
-13.9202
-8.46067
-5.48542
-0.0524898
-1.012
7.96196
-6.10031
-5.7602
-3.06023
-7.05472
-5.57716
1.72878
10.9474
1.1979
-2.26161
8.92681
-0.0246801
-10.8107
-3.23536
-0.916012
-15.6577
-4.99985
4.07601
2.92621
-2.50431
-13.6509
-13.271
1.34991
-13.2374
3.92506
7.32547
3.12445
3.69403
4.09347
-20.3356
-1.50424
3.56005
-1.45007
19.7727
0.527159
-3.35192
7.64402
-0.0101569
-5.16451
-9.19416
-11.3324
-2.19692
-6.90996
0.258925
-13.5352
-7.92714
-2.4628
-7.60155
-3.21246
-29.7288
1.93031
8.06679
-13.2369
-4.97082
-3.88963
-10.4864
-15.3965
2.72417
2.87608
-15.1247
3.42276
-1.96287
-3.66939
-10.9899
-7.35511
-6.69368
-7.43444
-9.22101
3.01026
-7.80185
2.70216
-8.00581
-6.72675
7.21994
4.02444
5.66415
1.91016
0.121657
0.935848
-10.5979
-7.26014
-4.74771
-10.6022
-8.69625
-6.78413
4.9841
-5.26723
-10.6724
6.75608
8.38603
-12.3444
-3.01687
-18.1629
1.90412
-14.9446
2.25518
1.27639
-11.7876
-4.06628
-2.15926
5.47722
-20.6889
-8.1269
-15.91
-0.182386
-0.335848
-2.55118
5.1854
2.50941
-4.57741
-19.6223
-11.0307
-35.0032
-0.267435
-14.1461
10.8937
-12.672
-3.7998
-1.51291
-9.10497
4.18395
9.82364
5.91604
3.56263
-1.73736
-2.55339
11.0523
5.50728
-19.9715
-15.2538
-22.5949
-1.55114
0.856933
-11.1578
11.9855
-3.25479
3.61313
-10.7071
-5.2043
4.5809
7.28632
-4.13444
11.0883
-19.7753
-6.7879
10.8278
10.2144
-12.4653
-4.80423
-4.15738
6.14645
6.32075
1.26712
2.29864
7.5324
-9.53197
0.174808
6.78426
-16.6945
-0.940246
-0.276383
-2.22244
-3.65293
8.92189
-6.74643
3.90932
5.20288
-0.0619057
7.04626
-2.37565
5.66782
-10.8322
0.993416
4.55451
-16.5259
-27.3743
6.37033
8.50344
-5.66553
4.25237
-2.78613
-2.64912
2.32955
-3.75397
-1.19337
0.349826
-10.1729
0.77939
12.2022
-4.3883
-8.42793
3.91471
4.01114
-9.23414
5.4538
-10.8859
-3.97038
-3.76727
-5.82949
-5.19966
-0.585014
-9.46324
8.35866
4.35002
1.91179
-14.5237
-4.54256
-15.7287
0.292826
6.45674
-2.72395
0.227647
16.4617
-6.93789
6.77053
-8.71776
6.07655
-8.85016
3.79869
10.7032
-8.68118
5.31532
8.36694
3.98138
1.86589
-9.39083
11.442
2.56334
2.88357
6.40107
6.17286
2.73037
-5.67553
-27.3659
4.96697
-2.74715
-4.20357
-4.9325
-5.31405
5.02473
2.09037
10.0485
-5.28415
2.55014
0.452378
-4.46652
6.16395
2.82588
-5.00869
9.42484
7.17444
12.9262
-9.22151
0.49455
5.04245
5.0034
-7.68256
12.3835
4.19637
2.11495
1.04157
-0.0683932
5.61222
4.29105
-10.1616
12.803
0.0832797
13.1205
-0.272561
1.21866
0.280295
1.79029
-9.86337
3.99871
3.01787
2.33099
0.13633
3.16491
-19.3947
-4.19737
1.51002
3.05442
4.63773
2.63475
0.129939
-0.640816
-6.11445
3.16024
3.32226
-10.1558
-0.283664
16.6394
7.34979
3.23771
12.8152
-6.3469
-2.59482
-6.07857
5.78792
9.10407
-3.19685
-12.1241
9.15364
-3.39467
8.08335
3.04022
0.979134
3.62146
-5.44749
8.18753
2.3367
1.93378
15.0962
-0.345829
12.3818
8.38068
0.0501934
-7.34988
-0.793791
5.74228
-9.27302
4.56391
2.52498
2.12423
-0.878925
3.58269
-2.19676
-4.11241
0.362837
-2.97885
2.49344
1.13699
1.35891
-11.145
-3.46996
12.4677
-2.27465
0.0559171
5.78973
1.74381
6.39056
9.86329
-2.20862
-6.31216
12.4375
-1.18782
12.6952
-6.61403
7.86174
6.12813
-4.5103
7.32058
2.57107
8.03254
-3.77697
4.09619
1.7136
1.53444
7.87442
-0.625788
4.73461
-5.91998
9.09886
-4.66424
10.3091
6.29178
-12.4127
-8.62293
0.611308
-0.534584
3.84091
3.74312
7.28895
-14.4302
-2.86001
-3.70849
8.93713
16.7941
7.54943
2.85208
5.62737
3.22386
-13.3954
10.0049
0.549416
13.2891
4.52521
-9.25153
4.16989
3.31481
-6.24489
11.4814
7.54047
-3.72268
-14.0892
3.83217
6.17343
-7.43828
8.8032
3.0698
-0.0759897
1.9297
-3.11028
4.21629
2.83402
-9.5442
10.8704
-6.25149
2.95684
10.0499
5.38549
13.1979
4.19584
7.97814
1.06118
6.9679
-2.27097
-12.4951
9.12569
-5.1767
-11.8407
-6.55401
-4.28134
13.0992
-4.82718
6.81377
9.77422
5.90345
17.6021
4.48195
11.1012
2.84998
4.5277
-0.799948
1.15167
2.51606
-2.81112
7.24867
-9.31257
0.492163
7.9939
7.98506
-2.32693
-0.397684
-5.37846
7.22943
-0.345345
8.26786
2.46669
12.8187
6.00153
-7.88228
6.77403
13.7041
4.14899
-0.166552
5.50144
6.80369
-2.91882
2.36656
9.9302
6.79826
-5.56202
8.5057
-0.537233
5.85193
-3.23809
15.0672
5.16429
0.733097
5.30739
1.077
0.504627
-3.15219
1.13689
5.85244
14.5862
-4.38982
-1.83933
-12.9509
-2.66964
3.54978
-1.51251
0.228308
-8.23285
9.94508
2.95431
4.03546
13.1013
23.2182
12.386
-9.87208
5.95057
-1.34727
0.514162
12.1786
3.43367
5.80826
10.9139
12.2098
7.81278
4.14304
-0.0437406
13.1619
8.1557
16.7352
-1.6177
15.734
11.845
9.82756
-1.38802
-1.02917
9.25154
13.6416
2.629
9.15878
13.4947
3.63615
16.5902
2.71644
13.2758
1.54908
2.24826
9.88803
14.807
0.361678
6.00724
-0.407952
8.438
16.8231
2.07537
11.4299
9.88508
10.5064
16.3329
14.2594
18.4832
8.63062
11.6622
16.1282
12.0819
1.90748
0.898759
17.4366
4.48018
10.7634
9.03885
5.21269
10.7425
18.2874
-8.84567
-1.85488
-3.0556
5.04161
23.226
16.5672
15.5119
4.99646
-3.65167
10.1922
0.141857
4.4932
6.68803
10.6911
7.22859
3.4775
13.5589
19.3487
4.87206
8.23325
3.63887
9.13303
4.37988
-8.08541
19.5951
10.6718
14.4562
6.60607
6.60015
14.1586
9.16484
17.9186
5.17919
11.1707
-15.226
4.69609
11.9563
11.2844
-3.84643
14.1229
-4.02912
4.945
3.35872
7.8676
5.56393
6.16711
9.93462
9.58055
-10.9634
16.0816
11.2563
6.37826
4.47519
14.4817
-1.22631
4.31325
3.38662
12.3005
7.12211
9.86666
-2.88739
3.07332
1.02135
-9.61971
-6.11837
19.1268
2.70654
10.3548
2.36009
1.59644
6.11928
-6.1762
-1.87299
8.70581
23.276
13.325
14.2747
10.5282
9.66993
0.933234
10.1679
16.1949
1.90309
4.44158
11.9774
-0.714068
-8.00655
9.37431
-11.5533
8.56948
-0.132969
15.1136
23.7662
11.0147
16.152
3.49988
9.65311
14.2674
12.138
12.6724
9.28753
-4.26195
7.59447
25.1967
8.42399
16.4001
3.2562
3.05363
0.215247
0.669753
4.2653
0.279854
-1.6264
4.43818
2.18142
15.8958
25.9619
11.1624
6.00538
4.60368
5.84311
6.0193
15.8899
4.1701
16.7792
7.945
7.82909
7.31708
-1.17189
-0.179771
16.7311
-1.29792
0.567051
14.5969
9.35952
-8.12833
6.29409
0.725994
7.46587
-0.729321
5.08792
-0.499207
-3.57142
0.665993
2.41067
2.8318
14.6483
17.4798
12.3516
13.0926
9.55656
16.0515
-7.04529
-1.31903
11.934
9.37744
3.99365
23.2334
-4.23435
11.5683
-4.05966
5.15093
-17.7012
7.78471
8.48587
-3.65717
7.57937
17.7891
9.21868
17.4847
8.25461
13.0501
15.0742
8.21167
3.75636
2.37862
3.58493
7.39067
6.36826
15.0835
-6.43376
12.5158
16.1782
13.1251
9.58426
1.7256
10.3109
16.1767
2.08692
6.2391
-0.869242
5.54368
3.79612
8.68397
8.64948
5.57014
-1.58723
15.9778
6.59888
13.3586
-59.7079
0.15918
4.52557
-2.08687
4.1088
1.68081
4.78253
-27.1839
-27.0611
4.84196
-19.4312
-7.56985
-5.70388
-7.46322
1.6919
9.69259
-14.6543
0.044964
2.66377
-16.2929
-0.367644
6.0606
-2.7705
-0.821434
-3.69177
-4.18997
-6.92815
0.88195
10.7996
-9.542
-6.21745
-30.9327
12.0735
-7.08732
1.92506
-2.71872
0.472493
-11.1145
1.64196
-2.50031
-11.4875
-6.07434
-24.0027
-0.736268
-5.44135
-22.834
-21.302
-9.68486
-5.13079
-2.28396
9.84501
-8.97705
-6.90993
20.5522
-9.15384
2.38245
5.29898
-1.38649
1.20721
5.69336
-18.3099
11.6282
-1.49426
-6.10971
-6.29643
-22.8092
-2.83289
1.32558
-13.2464
-3.51981
-7.61758
-2.00925
-6.81398
-10.3294
9.39299
10.5174
-5.94092
2.88601
-5.79483
-6.61346
-1.03926
3.23149
2.06811
11.8151
-3.3712
-13.9647
-2.88201
2.87363
-0.352117
-17.2103
-12.2187
-6.54424
-15.7522
-2.76403
-1.06626
0.271641
-5.55118
2.09003
1.52883
-18.8303
-11.626
-9.58074
-3.99522
-12.2922
-7.6461
-14.4375
-19.3378
11.9708
0.395879
-5.2482
-6.61447
-15.4535
-16.3108
-18.9837
-8.76919
-3.20507
0.696124
0.714421
2.22446
-13.1228
-3.2893
-13.2313
-9.03868
1.17831
-7.23387
3.91461
11.1559
10.7195
-6.68119
-1.65188
-2.18673
-3.24481
-4.00008
-14.2026
0.726464
2.71128
-1.71015
-7.67082
7.926
13.1867
-30.8296
-12.5035
0.746474
-4.4486
-14.9001
6.17519
-3.35829
-0.647757
2.4951
8.43837
-7.89325
-13.6658
-7.92504
-12.5575
-5.55326
-6.28441
-12.3458
0.0650007
-10.7283
-16.0997
-16.5977
1.83363
-36.8532
-11.9013
-23.5539
-5.45122
-10.2126
-7.53987
-10.6177
-19.8096
-7.43284
11.1963
7.24956
9.66422
10.9101
-19.2909
7.27012
-0.676808
-23.478
11.4818
-18.7846
-9.73471
9.58965
-19.3333
0.056035
1.72904
-10.0987
2.34175
-1.6397
-2.76772
0.0669059
-17.9438
-3.78522
-14.5687
-8.51737
2.04268
1.38103
-12.8389
-0.36308
-8.63566
2.56375
-8.83499
-0.18336
-7.93089
0.205726
-7.66784
-0.96758
-0.157199
-5.36159
-9.4725
3.40343
-6.75123
9.12009
5.48884
-4.0949
0.549962
2.48733
-12.8547
1.90252
3.06021
6.96227
7.89122
2.66703
-11.1503
-0.0741878
-24.2534
-5.06439
14.0373
-8.8056
18.858
5.55415
6.87599
-8.19078
-5.48721
-19.7493
5.66806
-7.82018
5.39958
-6.18003
-3.7201
-0.133715
-1.64885
-17.5293
-18.0978
8.85689
-0.505279
-5.71951
4.81973
-4.04048
-0.456933
-5.43035
-8.02083
7.85363
15.2602
-8.20311
-2.01827
-0.175201
-15.4334
6.37061
0.701158
-10.9282
9.07318
-0.85895
-7.28607
-6.39108
-6.93101
-1.51183
-3.23721
-22.9226
16.1883
-7.53282
2.43691
6.58019
0.134064
-2.72428
6.9682
7.76761
9.41071
-19.1346
-0.111669
13.0476
-3.20674
-2.93905
-10.7377
11.7859
9.82611
-2.42426
-10.2025
7.62936
8.38006
-5.44794
1.70484
1.14385
2.18289
-3.27434
-4.30255
12.516
0.339513
6.55428
-1.03975
-2.0158
11.1465
-13.4649
-1.06391
4.33673
8.55714
-3.80386
1.00452
-6.62961
0.529067
0.164538
-15.3872
2.30793
-12.0857
-1.69207
11.8841
-5.67382
7.4882
2.81054
8.06076
-2.69109
5.76116
3.84992
-8.56277
13.7534
12.3047
10.739
8.4203
-4.87414
-12.4113
-4.02533
5.85901
11.0893
2.31419
3.14478
5.04525
-6.68269
9.27088
-7.76595
1.33632
-0.118544
4.46444
7.79732
-0.166838
10.2425
6.47655
1.90047
6.83725
3.45755
12.8642
0.480155
1.05281
12.558
-6.74353
14.2762
7.77269
-1.78374
0.245921
4.66054
-2.73778
4.37001
2.34014
7.05834
-1.30888
12.0114
7.05794
10.0681
0.551768
6.65252
5.49076
-6.43998
4.24506
7.366
-4.4781
-0.366989
-6.72548
-0.535011
-1.29432
-1.23053
-17.0836
11.4997
8.65087
-3.11339
-15.7992
0.133737
-8.99329
-12.1911
5.75412
-1.59916
2.87217
9.02547
14.7045
-5.15622
-0.64276
10.1677
-1.64189
14.0221
-17.5523
5.24738
13.056
-3.54699
11.1373
-6.27803
5.39596
-12.2391
6.75245
6.30943
-1.65479
4.47753
-0.609657
7.79827
-2.47669
8.35452
-0.581087
21.8
9.14357
-8.86639
-7.34609
1.76628
-0.95054
2.40826
4.36098
2.66385
-13.7334
-9.35469
5.32169
3.76744
9.86668
18.2181
0.91039
-1.17954
-5.71404
-10.0112
-0.926412
8.53327
11.9742
9.53621
6.46485
2.33199
1.72899
-10.2927
15.0834
5.8389
-0.766256
-2.12673
8.31275
-0.665109
-7.84161
-5.73385
-8.98124
1.84136
8.79427
-9.44266
-4.39104
-5.05563
4.46435
7.34237
-4.25172
10.7668
4.20611
6.0339
13.1458
5.27433
12.0542
6.43256
16.3053
-4.17078
-7.11766
-0.230242
1.92605
-1.75841
0.252689
-2.05917
1.98398
0.0359893
6.48821
7.75654
7.48197
2.7799
-8.05991
-1.91335
9.82815
-3.90717
-4.83622
1.56767
-4.16639
-7.30307
-2.17588
-13.0481
-6.21286
-0.295257
8.80879
3.71441
-9.74147
3.96805
12.0452
-1.82339
-5.81933
0.92977
18.9491
2.39197
-13.4815
2.73746
9.51535
5.08006
-6.13114
2.94572
2.46271
-6.10347
-8.68812
13.0559
-7.48673
-6.17714
12.247
3.55016
6.35556
-5.93731
9.11468
2.32373
-1.85448
-2.22676
3.9617
-2.6755
-3.16003
-3.10141
6.84291
11.9337
-12.5399
-3.45608
-1.22156
-0.545138
11.4569
-12.8606
4.93085
2.45714
10.9645
10.1773
5.79104
5.88908
32.4293
7.14681
-4.15407
5.11807
10.7398
-3.4515
15.9032
8.74517
5.60516
4.84697
4.11502
6.37658
3.87441
-5.17154
7.17972
10.5649
14.044
-3.16992
20.409
13.3936
17.364
3.51715
-5.90667
0.266956
14.4573
5.43056
3.07471
17.6165
8.32541
9.18227
5.81487
9.9548
9.32885
-6.48457
17.0036
8.48878
5.32887
5.70984
1.11171
8.66403
17.9899
8.14037
13.6262
15.4577
19.6271
18.3456
11.4698
10.9262
11.517
4.61622
6.19734
13.3824
4.97208
2.42906
13.4449
-4.78234
12.5212
17.4241
-1.96903
10.2649
9.00006
-7.09968
5.24969
-0.192036
14.6953
17.1259
17.9781
4.18759
13.9833
-1.02371
15.2934
-0.509304
5.66128
8.55945
21.0725
5.44969
1.09761
17.3949
13.2021
16.815
7.49821
8.1838
3.51605
1.38813
-9.35632
8.68017
7.99729
12.488
16.7877
13.5648
11.2522
5.82029
16.1395
5.03193
6.68848
-30.3694
4.31761
14.4281
15.2884
-3.84861
13.6705
-1.32647
10.1478
13.7305
16.0444
4.31372
13.4139
10.243
12.3912
-8.82755
19.0641
11.7902
8.82843
8.45603
8.32644
4.19865
12.5363
11.9328
10.8306
16.1547
15.1108
0.758495
8.79554
9.46072
-16.0265
4.31769
9.1214
-7.50263
6.75251
1.59297
-4.01043
9.07807
-5.30133
13.595
8.36437
6.66327
14.8013
21.4274
12.6373
11.2601
-4.88846
14.8437
18.8028
10.2434
9.62104
-0.657969
7.48527
-10.11
-0.0150408
-3.05214
6.64739
-1.51433
11.6428
19.0835
12.1737
3.24783
4.22333
10.6218
14.0095
10.6178
17.4821
2.94457
-2.71427
2.66441
10.8865
9.80722
21.7057
1.97475
-5.80588
13.3367
6.30766
10.8485
1.27469
6.03837
6.40935
3.43914
1.87682
20.7992
-6.84361
4.16191
-3.34803
-6.1679
12.3724
15.7689
0.208258
10.0282
15.7835
4.08009
5.13043
-4.22639
-3.38261
9.84663
5.78956
12.1624
11.1731
14.925
-0.122571
2.04577
-6.43728
10.4012
-5.59095
8.13152
-1.90826
4.26861
10.7704
9.51326
7.77157
4.11106
11.2968
17.0278
11.5934
1.88716
8.38569
16.4627
1.57965
19.3591
11.8319
10.6698
18.9947
-2.66518
3.89893
2.30287
4.41176
-8.68594
5.12591
-2.8664
-15.4794
5.05975
27.7733
0.425371
18.2619
8.77433
19.8321
7.47172
4.5978
9.6896
7.83785
10.9522
6.71984
6.90186
8.81505
6.25375
3.585
20.9175
8.07219
17.0676
9.5681
13.3309
33.0326
6.1111
5.52532
3.25754
-2.02639
18.0724
2.11392
10.8969
-0.643402
2.45646
8.75197
-1.21915
12.9747
-66.0486
2.91206
-2.61068
-6.17218
0.848655
-4.59153
7.34917
-17.0793
-25.7634
7.91397
-17.5537
-5.89973
-9.29943
0.705822
0.647043
-0.457067
-9.24982
1.88111
0.681698
-16.3855
1.15521
8.90181
0.965429
6.08792
7.20068
-2.94627
-3.03115
1.181
10.8679
-2.80177
-3.69195
-26.0575
12.8457
-1.21417
2.37365
5.97491
-0.492548
-1.60808
-4.39106
-2.65384
-4.34757
-4.51657
-20.5203
-7.99664
-0.13712
-18.7008
-19.1196
-6.24542
-1.1387
-0.78687
7.92964
-4.21764
-8.44615
12.8951
-7.65037
-5.30023
3.80911
0.57124
5.89063
10.2939
-13.6605
10.5518
-4.46153
-10.5162
0.0352499
-21.7418
2.5267
6.4402
-2.92338
4.14662
-8.14976
-8.23695
-1.90268
-8.7025
-0.0752831
14.9577
-2.67987
4.48431
-2.8136
-19.5277
-2.18905
4.59751
5.96421
15.98
5.00728
-10.1036
-1.94443
-4.77952
-3.29346
-14.2169
-7.90401
4.94759
-19.1982
3.0374
-4.18948
-4.64691
0.593719
-3.12538
8.63348
-17.5451
-8.34845
-2.96736
-1.43843
-1.43652
-9.49728
-11.6138
-21.4064
16.221
6.94045
-7.37932
-0.369385
-13.1768
-12.4509
-20.354
-13.0136
-4.74864
2.77857
-3.66747
5.67678
-15.8967
-2.54109
-7.2533
-14.6714
0.593913
-9.9033
3.63962
7.75288
11.6942
-13.5787
-1.80066
5.81367
-5.7369
-3.20946
-10.9622
-3.16344
3.28406
-7.11663
-14.5693
3.97118
11.424
-22.0204
-13.9695
-7.51857
-4.941
-11.7088
5.61865
2.75388
-10.2024
0.471701
9.53806
-6.93543
-18.2904
-13.5538
-10.9834
-6.12789
-3.22884
-7.79286
-4.37374
0.12291
-16.8456
-18.7731
0.937102
-42.1727
-13.0848
-22.5995
-4.14557
-8.59349
-9.65776
-8.99616
-9.61745
-1.05288
6.04966
7.60363
17.8016
17.1656
-9.01152
9.12681
2.20629
-34.7335
12.1117
-18.3909
-11.2518
10.2022
-16.5485
10.5698
6.1503
-8.416
0.213171
-0.494023
7.42322
-5.69413
-12.19
2.81063
-17.655
5.7053
-1.19329
4.60062
-7.2383
-1.33848
-3.05104
0.975078
-7.31775
-0.084146
-6.99406
7.37203
1.00843
-4.30547
4.35371
-12.2717
-14.0605
3.52035
-4.39431
3.49349
9.45885
-0.150713
4.32823
7.48287
-10.8208
5.37356
9.03833
7.99711
7.12254
-0.903427
-0.402128
-1.44256
-29.4233
2.36505
12.4517
-5.13967
17.9158
4.24728
5.64381
-8.14888
3.18981
-14.3748
3.55221
-9.18872
6.55249
17.0472
-4.0426
2.24802
-1.23911
-20.2192
-13.362
4.94575
-5.85069
0.569901
1.42826
-4.76116
-6.07826
-1.06781
-6.06598
7.67226
7.9608
-0.88259
-5.37032
4.28999
-14.8056
5.69317
2.11945
-3.42006
10.7308
-3.09029
-1.8817
2.77929
-3.32405
0.441455
1.52668
0.900557
12.4197
-11.7291
5.51558
8.88569
5.27382
-2.75459
0.308293
10.3448
7.34054
-11.7231
-3.37491
12.6724
-1.42464
-2.21002
-10.3622
9.93775
3.19213
-0.431783
-13.4295
8.69683
7.64983
7.97628
6.10962
-2.25383
4.9995
0.34392
-10.2694
10.9104
3.29611
0.268251
1.86254
3.06891
12.9617
-12.81
2.68469
12.5418
-0.215332
0.808498
3.96514
-1.959
-0.442297
-4.48841
-12.2279
3.31449
-1.05737
6.30654
15.3418
1.51193
11.4768
6.18388
10.6205
-3.03838
10.6058
2.63985
-5.91976
9.80516
12.6647
19.3339
7.15074
-7.16832
-17.782
-4.71395
5.72967
6.63291
7.9052
5.09726
4.61085
-0.190564
14.5696
-4.27578
-3.04407
-3.40531
9.75341
8.05848
-0.0106255
11.5658
1.79626
-1.89804
9.1566
7.94977
11.5254
9.58321
3.06053
11.6459
-8.87535
9.2139
5.80676
6.17402
3.10974
11.9161
5.28926
12.4913
1.58181
8.45179
-4.08377
18.4515
0.90146
8.40515
7.11219
2.73179
9.95399
-9.59062
4.09725
13.7866
-1.86762
-4.74645
-6.35659
3.10433
0.475739
9.95206
-14.5176
8.51474
10.5399
-3.07361
-4.36582
-0.156632
-3.73357
-10.9077
4.33378
2.79325
3.44594
10.6018
9.83442
-5.21093
7.4909
10.5867
2.73549
16.4844
-21.7857
16.4717
9.15405
-3.32898
10.4462
-4.9103
8.95896
-14.3425
4.1484
1.16855
9.38863
5.09594
-1.43467
5.93616
2.62049
14.5952
1.7839
20.5676
9.58365
-17.25
-5.93817
3.29774
-0.561117
5.2987
7.89366
5.1798
-13.0795
-2.59894
3.31541
7.78942
18.5225
23.3123
4.31887
9.05879
-2.81445
-2.16968
3.53077
8.7995
20.5414
7.02427
1.52422
2.40913
5.17834
-16.3642
18.1059
10.7615
-2.31061
-3.57713
11.0685
2.62996
-9.99377
-1.71838
-5.1904
1.18455
4.53381
-10.2259
-2.04214
-5.10666
5.10012
8.2635
-5.64493
12.2193
2.88354
8.2291
8.66854
0.846855
13.5073
6.46981
18.3785
-5.33931
-6.88367
7.16905
6.55756
-2.75981
3.49838
8.46064
6.46192
2.39553
14.2265
10.0769
10.1788
9.52826
-3.73603
2.31831
7.57426
-1.24264
-2.9069
1.18616
-4.02061
-5.43786
-0.211893
-8.84989
-7.63321
3.53146
10.2528
5.03665
-5.57387
6.52286
12.4033
1.0635
4.19177
2.32127
24.2818
6.34713
-9.74075
0.478631
14.3045
8.77435
-2.7984
4.50447
3.99871
-12.023
-6.66246
12.0648
-0.584014
-10.7057
12.5962
8.8114
19.7352
-7.39308
11.5849
0.362407
-4.92803
0.744424
3.00129
-2.8142
1.8054
-0.818261
3.08546
13.1912
-8.32316
-7.2914
-1.35232
-0.688689
8.2679
-2.91575
11.5734
2.32626
13.753
5.39991
3.62699
6.52608
31.1658
11.4405
-5.62805
3.65995
11.614
7.55929
18.7027
10.4728
2.53602
4.28991
2.46477
11.7209
3.7075
-1.24116
15.1288
10.5264
17.6172
-0.54199
18.6399
15.8281
14.323
1.82165
0.787947
6.84246
13.2842
2.62537
7.06504
17.1231
5.87108
15.4345
5.4073
10.1939
6.96494
-6.26768
15.121
7.8072
2.17834
9.62904
-0.0298033
9.05406
15.7309
7.85383
12.349
13.6755
18.9001
18.7626
9.88599
10.9642
12.4608
8.05062
3.95006
14.6794
4.19426
7.61809
12.8128
-1.29277
7.85583
14.2279
-1.80951
9.38162
12.3987
-5.06359
8.63633
-1.50004
14.5511
11.8168
17.0762
8.40875
8.40214
-4.97589
6.03613
-2.87603
0.450642
8.10962
17.2078
3.29818
5.56639
13.7888
16.8449
16.3035
9.78366
6.28355
9.73144
1.2847
-16.7475
11.2011
10.251
17.6004
15.0907
9.66866
11.3304
10.5011
14.5201
4.5305
11.8422
-28.1056
5.20866
12.8306
11.8374
-3.24873
6.2992
0.21435
7.50297
11.5889
13.1499
4.43936
11.0837
1.11762
12.9029
-9.71131
18.3226
11.5494
6.94892
8.26403
15.1063
-0.324655
15.8368
11.8809
12.1851
15.9975
12.4952
3.1215
4.35181
0.0894509
-6.40781
3.46137
11.8969
-4.61324
7.6685
1.19764
-0.219646
6.76755
-10.8436
10.2308
13.0592
12.1161
15.3778
20.1574
15.5449
7.72
1.12558
10.5936
18.2124
11.6389
8.53304
9.08391
8.04696
4.49291
-1.16022
-2.61964
6.43411
-4.97778
8.59817
17.4335
12.3943
13.3876
6.13206
11.2374
13.3246
10.9859
14.5198
4.37693
-6.62202
4.70856
10.8282
13.9536
24.087
0.284702
-0.707527
9.62466
1.4375
5.8676
3.45434
8.87136
7.34014
2.75287
7.14827
23.1789
-4.10097
7.08944
0.756986
-4.11588
5.6405
18.7253
5.8004
12.3872
12.8192
1.30463
5.84878
-2.22737
5.04365
12.9244
2.04901
9.63664
15.7599
13.7346
-5.6118
8.68504
-9.92258
11.4101
-3.3122
10.9034
1.06365
6.12366
7.3658
10.3903
5.42224
16.3432
16.4122
9.79447
7.01733
4.18414
8.08605
3.8986
-1.63005
15.7439
6.98344
10.716
15.1939
-4.84707
11.3712
0.853501
4.54103
-12.4958
5.64619
-0.687629
-11.1922
9.54123
27.1412
-2.83502
20.1126
6.68452
19.8173
7.17458
4.02262
9.20207
9.55575
10.4133
14.5115
4.7715
5.07735
4.20654
1.93538
19.466
6.68799
17.7398
8.16148
13.3752
30.7099
16.0834
8.40655
-2.95631
-1.24609
13.9131
5.84894
11.3487
4.9389
5.06274
8.7424
3.98899
12.4521
-60.1968
-3.42439
-3.02722
-0.479103
3.69291
-3.37508
4.4022
-20.5616
-22.2323
2.96837
-18.5935
-2.06965
-4.33261
-9.60633
9.59322
8.06599
-9.78401
3.99076
-1.15903
-13.5267
-2.27501
8.87559
1.14804
-2.67177
-4.10035
-5.52965
-10.1558
4.52659
12.0971
-7.01113
-14.3211
-27.7904
15.8051
-5.91434
-2.79511
3.3341
4.44345
-10.9214
-2.12683
-0.424835
-13.1943
-20.0813
-15.1024
-4.45959
-1.75973
-21.4511
-19.3691
-7.10572
-1.80941
-0.224485
7.46698
-8.92471
-2.13404
11.231
-8.81331
-4.29097
4.31662
4.10565
-1.01321
0.837358
-6.06718
8.01376
-5.72985
-6.2431
-6.87543
-25.2478
2.30194
3.70472
-3.17848
0.911003
-14.7719
-11.8572
0.233684
-7.87
9.17348
9.22143
-3.72694
-0.361386
-2.89192
-14.0243
-0.596654
3.72577
1.3466
12.4147
-0.20718
-15.4457
0.259968
1.79205
-1.53738
-15.534
-11.4505
-1.89491
-12.3458
-1.02889
-4.89572
-3.91695
-6.82997
-7.85578
-5.25045
-21.3252
-6.34228
-5.53612
-15.8239
-8.93874
-6.47497
-15.2904
-15.9215
11.9537
-1.6359
-11.5331
-0.169201
-6.69247
-10.9758
-19.8535
-12.7415
-6.38499
-1.55402
-2.55748
-1.99685
-12.8265
-1.23256
-10.6107
-8.70634
5.48364
-3.18824
8.76513
3.75001
10.4093
-1.7929
-6.87261
-5.42371
-5.25916
-7.14324
-8.72636
-2.9862
4.35874
-0.325299
-2.52508
11.5751
12.5542
-26.5894
-10.4405
-15.9247
-3.4956
-15.1738
5.15221
2.11937
-9.31776
-1.8365
4.65243
-2.20986
-20.4637
-9.50282
-13.1304
-1.91883
0.360024
-3.22823
3.00258
-6.58248
-12.3562
-17.3788
-8.77231
-38.7447
-5.35273
-26.0887
0.584034
-18.6247
-7.47856
-8.02093
-12.9388
0.175555
9.42068
7.50394
10.5963
2.4207
-12.2073
6.94738
0.28637
-29.6076
-2.90363
-21.456
-9.13652
7.66918
-14.7327
3.68244
3.52009
-6.13405
-3.79828
-2.20683
2.145
3.47406
-10.3666
3.30951
-19.5691
-7.43343
4.06481
8.25543
-12.7538
-1.23876
-5.62534
0.434002
-2.31685
-0.379021
-2.55682
2.04481
-11.9215
-3.18345
7.88747
-8.7855
-12.4287
4.98027
-2.82187
4.72076
9.24483
-3.85555
4.21164
2.27173
-9.05826
0.854084
-1.08383
1.50723
0.621789
2.5449
-8.24763
-5.52715
-31.0481
-4.30836
11.4961
-7.01962
14.072
0.761988
2.25132
-4.79514
-4.46832
-16.1323
2.2683
-13.1738
5.65723
3.12703
-1.47003
-2.11413
1.11183
-4.12045
-14.6892
6.58933
-7.74169
-4.62326
-3.09125
-8.28827
-0.507771
-0.561382
-11.9321
5.18314
10.2186
-6.16879
-7.35433
-0.704856
-17.2044
3.50822
-2.27013
-9.87182
6.10146
4.5846
-15.4182
-4.25134
-6.33754
3.68651
-2.77014
-11.6245
16.0355
-8.26124
4.79964
8.84543
2.27491
-2.25863
0.30021
10.6363
8.73061
-11.3738
3.74753
7.56826
-1.08974
-6.67405
-21.4326
10.2371
2.12335
-3.63365
-12.2082
0.972135
7.35702
-1.09221
4.10888
-3.31665
1.2704
-4.73759
-4.74853
11.6043
2.5444
0.165573
2.75308
2.0115
14.1145
-14.1572
-0.710273
4.02897
8.70782
-6.61199
9.28667
1.14318
1.42394
-0.336385
-9.13466
5.78396
-8.00405
-7.3832
14.343
-4.64164
8.52181
1.59499
8.06929
-2.57559
3.86396
-0.986011
-3.35941
9.20403
9.97636
6.2231
4.81868
-14.6546
-10.1109
-3.44134
2.26317
6.87423
3.19025
0.777107
2.58192
-7.54622
6.62622
-4.27494
-7.26785
-0.0754703
11.5179
7.59672
1.75379
11.673
-2.36375
1.1794
1.071
4.53743
13.3076
1.02219
-4.82049
13.4703
-3.01312
10.9415
6.40217
3.72066
2.61258
5.60666
4.90682
5.29647
-0.650796
9.17859
1.81139
19.002
11.5152
6.24294
-7.96826
2.51466
10.0381
-8.10508
2.71547
5.93138
-0.923698
-1.24783
-3.87511
-2.48972
-1.98129
-0.468447
-14.7017
9.32533
6.95604
-1.76737
-19.8663
-3.21737
-0.317974
-5.21478
1.83076
1.58722
0.556779
11.5151
18.8769
-1.98145
-3.65141
16.0139
-1.69423
14.2961
-19.7532
7.44989
7.66033
-4.37847
10.7385
-2.40077
8.80784
-13.4254
4.6023
6.04073
0.790772
3.7819
-1.02525
6.42751
-1.4694
6.39483
-5.07213
13.7561
10.8232
-11.9799
-7.96633
1.2961
-0.63388
6.83877
4.04996
-0.95376
-14.7266
-6.41133
-0.399146
8.42573
16.1386
17.0077
4.04035
1.57973
1.69096
-11.0812
8.54323
6.95363
12.8865
8.25189
0.0137249
1.69895
0.417983
-15.9987
13.7537
6.183
-7.27487
-12.8768
8.21143
0.563638
-8.52617
2.93598
0.699424
1.4652
5.51395
-6.707
-1.28884
-5.4514
-1.74976
8.46049
-8.44468
6.43842
5.48014
7.84704
11.1782
4.64451
11.6127
5.87858
9.99151
-12.2502
-10.437
2.16595
-2.03328
-9.25692
-3.86875
-2.80429
11.4897
-5.41932
9.84246
6.90419
6.31872
11.4547
-5.45888
1.33012
3.5973
-4.47632
-3.80835
2.00392
-3.69211
-8.91105
2.70032
-14.9346
-5.87275
2.30224
9.72798
-0.670834
-3.94153
0.164711
7.47085
-4.2536
-3.7986
4.29773
21.823
0.861695
-14.4947
1.60756
13.1159
-0.632587
-3.92091
6.162
2.29821
-4.9621
-7.56203
12.6921
-3.48071
-7.35066
10.132
-1.28712
5.8845
-5.76644
8.70706
2.36524
0.15705
0.468435
6.44822
-1.19433
-3.54655
-3.82948
4.57869
15.0525
-6.87994
-5.19371
-5.88261
-2.82343
6.81985
-10.1
0.561123
-1.0651
8.90267
3.98435
3.5404
10.7404
34.0688
9.0848
-11.5183
7.86493
2.52836
-4.36865
18.0715
5.93558
3.36595
9.98369
10.0573
9.34576
6.41218
-8.34373
12.6235
10.6887
19.997
-2.85979
17.7923
16.6995
13.8637
0.439115
-7.96016
4.3424
15.3891
5.33776
8.02909
12.7976
9.52575
11.8035
4.15357
13.3127
4.92314
-1.80818
15.1867
12.0845
-0.139035
4.20072
-0.38435
7.47456
14.0008
-0.107626
13.3274
14.6665
16.4159
22.2574
17.1392
18.696
8.60135
11.9422
14.4537
16.432
3.79773
2.32923
21.9838
2.1324
14.1021
14.2452
0.370064
11.8962
17.7043
-6.6684
-2.15748
-2.77421
10.3492
24.1882
23.5138
10.7346
9.08008
-7.29366
9.28909
-1.64807
4.56704
5.27596
16.9235
8.26541
3.47774
14.5892
21.6064
13.159
8.84014
5.14746
2.86636
2.476
-16.2377
17.1526
9.74906
14.9377
12.3509
14.0206
14.4111
6.79895
20.2558
6.52222
7.92131
-30.1408
5.31238
15.7394
14.1781
-4.78406
14.7315
-2.69852
5.11534
7.70829
10.2029
5.56609
14.9408
4.16784
13.2023
-11.8464
19.6322
13.8254
8.1335
5.81808
11.5995
-2.94985
9.90795
11.4894
12.073
15.0597
14.5334
-3.41158
5.28946
-0.681212
-19.0206
-0.121219
10.8929
-0.0731463
12.0514
2.98681
2.28941
8.56112
-11.3904
6.77437
10.9909
14.7838
17.4721
19.6554
12.7846
7.75442
-4.72256
13.1465
19.3199
6.35461
9.45494
5.12954
3.42093
-9.45644
4.77484
-10.6029
4.80969
-4.06959
10.9025
25.5116
10.3765
11.4386
4.51228
12.7582
14.279
13.8027
21.6431
11.0265
-4.57076
6.1191
19.7028
9.4261
23.7804
1.81899
-4.31738
4.40812
7.65298
9.17642
2.60151
3.14554
4.2692
2.08773
9.20923
26.1271
-2.9819
9.28668
0.0284561
-3.47758
13.5964
21.73
3.68965
14.565
15.2716
5.51237
4.56871
-2.81065
-4.75862
16.4414
-0.00977483
8.75991
17.5316
14.1133
-4.88092
5.20003
-2.04752
10.3052
-4.31438
6.05982
-0.300713
2.97367
7.18476
6.74092
2.0875
8.65679
20.2532
14.5989
12.6822
2.85859
17.3862
2.21738
-3.18016
18.9934
9.23226
7.54971
24.3344
-8.11107
7.89635
-3.79828
5.37994
-20.7077
3.90184
3.77764
-12.0234
4.36846
28.9645
6.71712
17.7652
10.4661
18.9193
14.3356
4.20697
4.25595
6.239
8.99291
9.24402
5.34346
9.87919
1.51259
7.15273
21.9171
11.4472
16.1725
6.60034
15.5544
23.9826
2.49299
4.39728
-3.21491
2.10265
7.95179
6.40183
7.84714
1.54631
-0.944003
14.7354
2.11659
13.1525
